5 []
15 []
17 []
35 [2, 3]
60 []
64 []
89 []
103 [1]
105 []
124 []
130 []
376 []
382 []
414 []
437 []
443 []
571 []
689 []
702 []
912 [0, 4]
916 []
935 []
1002 [0]
1190 [4, 1, 2]
1352 []
1485 []
1711 []
1929 []
1931 []
1949 []
1953 [1]
1954 []
1955 [2]
1956 []
1959 []
1960 [1]
1961 []
1982 []
1983 [2]
1991 []
2001 []
2032 []
2106 [0]
2193 []
2226 []
2248 []
2354 [4, 1]
2372 []
2423 []
2467 [1]
2608 [0]
2626 []
2651 []
2784 []
2861 []
2966 [0]
3044 []
3088 []
3118 []
3136 []
3227 []
3281 [4]
3382 []
3389 []
3428 [3, 0, 2, 4, 1]
3603 [2]
3723 []
3735 [4]
3752 [1]
3759 []
3779 []
3784 [1, 3]
3857 []
3858 []
3870 []
3889 []
3890 [3]
3895 []
3896 [4]
3898 []
3928 []
3932 []
3974 []
4050 []
4055 [4, 0, 3, 2]
4176 [1]
4244 []
4281 []
4283 []
4298 [2, 1]
4303 [1, 4]
4327 []
4331 []
4490 []
4604 []
4606 []
4646 [3, 4]
4747 [0]
4920 [1, 3, 0]
4932 []
4972 []
4992 []
5008 []
5087 []
5095 []
5117 [2, 0]
5134 [2, 3]
5135 []
5210 []
5279 []
5289 []
5363 []
5377 []
5409 []
5486 []
5506 []
5511 []
5518 []
5534 []
5794 []

 ONE_HIT: 0.25833333333333336