5 []
15 []
17 []
18 []
25 []
35 [2, 2, 3, 3, 3]
60 [2]
64 []
89 []
103 [1, 1]
105 []
124 []
130 [1]
176 []
302 []
382 []
414 []
437 []
443 []
488 []
571 []
689 [2]
702 []
847 []
912 [0, 4]
935 []
1002 [0, 0, 0]
1190 [4, 1, 2, 2, 2]
1335 []
1352 []
1485 []
1551 []
1711 []
1922 []
1931 []
1949 []
1953 [1]
1954 []
1955 [2, 2]
1956 []
1959 []
1960 [1]
1961 [3]
1982 []
1983 [2, 1, 1]
1991 []
1996 []
2001 []
2032 []
2106 [0]
2133 []
2193 []
2197 []
2226 []
2248 []
2354 [4, 1, 1]
2372 []
2423 []
2467 [1]
2573 []
2576 []
2608 [0, 0, 0, 0, 0]
2626 []
2651 []
2729 []
2784 []
2804 []
2861 []
2966 [0, 0]
3044 []
3088 []
3118 []
3136 []
3145 []
3281 [4]
3382 []
3389 []
3428 [3, 0, 0, 2, 4, 1]
3603 [2, 2, 3, 3, 3]
3609 []
3735 [4]
3752 [1, 1, 1]
3759 [0, 0, 0]
3779 []
3784 [1, 1, 3]
3825 []
3830 []
3845 []
3853 []
3857 []
3858 []
3870 []
3889 []
3890 [3]
3896 [4, 2, 2, 2, 2, 2]
3898 []
3928 []
3932 []
4030 []
4055 [4, 0, 0, 3, 2]
4102 []
4176 [1]
4244 [1, 1]
4271 []
4281 []
4283 []
4298 [2, 2, 1]
4303 [1, 1, 4, 4, 4]
4327 []
4331 []
4458 []
4490 []
4604 []
4606 []
4646 [3, 4, 4, 4]
4706 []
4711 [3, 3]
4747 [0, 0]
4763 [3]
4920 [1, 1, 3, 3, 0]
4932 []
4972 []
4985 []
4992 []
5008 [1]
5087 []
5117 [2, 2, 0, 3]
5134 [2, 3, 3]
5210 []
5221 []
5279 []
5289 []
5306 []
5310 []
5377 []
5409 []
5474 []
5486 []
5506 []
5511 []
5518 []
5534 []
5744 []

 ONE_HIT: 0.27972027972027974