5 []
15 []
17 []
18 []
25 []
35 [2, 2]
60 [2]
64 []
67 []
89 []
103 [1, 1]
105 []
124 []
130 [1]
176 []
302 []
382 []
414 []
437 []
443 []
448 []
483 []
488 []
511 []
571 []
689 [2]
702 []
847 []
912 [0]
935 []
1002 [0, 0, 0]
1190 [1, 2, 2, 2]
1225 []
1335 []
1352 []
1485 []
1551 []
1711 []
1922 []
1931 []
1949 []
1953 [1]
1954 []
1955 [2, 2]
1956 []
1959 []
1960 [1]
1961 []
1982 []
1983 [2, 1, 1]
1991 []
1996 []
2001 []
2032 []
2106 [0]
2129 []
2133 []
2193 []
2197 []
2226 []
2243 []
2248 []
2324 [0, 0]
2354 [1, 1]
2372 []
2373 []
2388 []
2423 []
2467 [1]
2573 []
2576 []
2608 [0, 0, 0, 0, 0]
2626 []
2651 []
2729 []
2739 []
2784 []
2804 []
2861 []
2888 []
2906 []
2966 [0, 0]
3044 []
3088 []
3118 []
3136 []
3145 []
3281 []
3382 []
3389 []
3392 []
3428 [0, 0, 2, 1]
3501 [2]
3603 [2, 2]
3609 []
3735 []
3752 [1, 1, 1]
3759 [0, 0, 0]
3778 []
3779 []
3784 [1, 1]
3825 []
3830 []
3845 []
3853 []
3857 []
3858 []
3870 []
3889 []
3890 []
3896 [2, 2, 2, 2, 2]
3898 []
3928 []
3932 []
3994 []
4030 []
4055 [0, 0, 2]
4102 []
4176 [1]
4179 []
4244 [1, 1]
4271 []
4281 []
4283 []
4298 [2, 2, 1]
4303 [1, 1]
4327 []
4331 []
4458 []
4490 []
4604 []
4606 []
4611 []
4646 []
4706 []
4711 []
4739 []
4747 [0, 0]
4763 []
4920 [1, 1, 0]
4932 []
4972 []
4985 []
4992 []
5001 []
5008 [1]
5060 []
5072 []
5087 []
5117 [2, 2, 0]
5134 [2]
5210 []
5221 []
5279 []
5289 []
5306 []
5310 []
5377 []
5379 []
5409 []
5474 []
5486 []
5506 []
5511 []
5518 []
5534 []
5537 []
5744 []

 ONE_HIT: 0.20833333333333334