5 []
15 []
17 [8, 5, 5]
18 []
35 [2, 2, 3, 3, 3]
60 [2]
64 []
89 []
103 [1, 1]
105 []
124 []
130 [1]
382 [9, 9]
414 []
437 []
443 []
571 []
689 [2]
702 []
912 [0, 4, 5]
935 []
1002 [0, 0, 0]
1190 [4, 9, 1, 2, 2, 2]
1352 []
1485 []
1711 []
1931 [8, 8]
1949 []
1953 [1]
1954 [9, 9]
1955 [2, 2]
1956 [9, 9, 9]
1959 [5, 5, 8]
1960 [1]
1961 [7, 3]
1982 [8, 8]
1983 [2, 1, 1]
1991 [7, 7]
2001 []
2032 []
2106 [0]
2193 []
2226 []
2248 []
2354 [4, 1, 1]
2372 []
2423 []
2467 [1]
2608 [0, 0, 0, 0, 0]
2626 [5]
2651 []
2784 []
2861 []
2966 [0, 0]
3044 []
3088 []
3118 []
3136 []
3145 []
3281 [4]
3382 []
3389 [7, 6]
3428 [8, 8, 3, 5, 5, 7, 6, 6, 6, 0, 0, 2, 4, 5, 7, 7, 6, 1]
3603 [5, 5, 2, 2, 3, 3, 3]
3735 [4]
3752 [1, 1, 1]
3759 [5, 5, 5, 0, 0, 0]
3779 []
3784 [1, 1, 3]
3825 []
3845 []
3857 []
3858 []
3870 []
3889 []
3890 [3, 9, 8]
3896 [4, 2, 2, 2, 2, 2]
3898 []
3928 []
3932 []
4030 []
4055 [4, 7, 7, 0, 0, 9, 5, 5, 3, 2]
4102 []
4176 [1]
4244 [9, 1, 1]
4281 []
4283 [7, 7]
4298 [2, 2, 6, 1]
4303 [7, 1, 1, 9, 5, 5, 4, 4, 4, 9]
4327 [5]
4331 []
4458 []
4490 []
4604 [6, 6, 6]
4606 [7, 7]
4646 [7, 7, 3, 4, 9, 9, 4, 4]
4747 [0, 0]
4920 [1, 1, 3, 3, 6, 6, 6, 6, 8, 8, 0]
4932 []
4972 []
4985 []
4992 []
5008 [1]
5087 []
5117 [2, 2, 0, 3, 6]
5134 [2, 3, 3]
5210 []
5279 [6, 6]
5289 []
5306 []
5377 []
5409 []
5486 [9]
5506 [8]
5511 []
5518 []
5534 [6, 6]

 ONE_HIT: 0.47863247863247865