5 []
15 []
17 [8, 5]
18 []
25 []
35 [2, 3]
60 []
64 []
89 []
103 [1]
105 []
124 []
130 []
176 []
302 []
376 []
382 []
414 []
437 []
443 []
488 []
571 []
689 []
702 []
713 []
749 []
786 []
791 []
847 []
912 [0, 4, 5]
916 []
935 []
1002 [0]
1190 [4, 1, 2]
1331 []
1335 []
1352 []
1485 []
1551 []
1711 []
1733 []
1922 []
1929 []
1931 [8]
1949 []
1953 [1]
1954 [9]
1955 [2]
1956 [9]
1959 [5, 8]
1960 [1]
1961 [7]
1982 [8]
1983 [2]
1991 [7]
1996 []
2001 []
2032 []
2106 [0]
2133 []
2193 []
2197 []
2215 []
2226 []
2248 []
2354 [4, 1]
2357 []
2372 []
2423 []
2467 [1]
2573 []
2576 []
2608 [0]
2626 []
2651 []
2674 [2, 9, 0, 1]
2720 []
2729 []
2784 []
2804 []
2805 []
2832 []
2857 []
2861 []
2959 []
2966 [0]
3044 []
3088 []
3118 []
3136 []
3145 []
3162 []
3227 []
3281 [4]
3382 []
3389 [6]
3428 [8, 3, 0, 2, 4, 5, 7, 6, 1]
3452 []
3478 []
3603 [5, 2]
3609 []
3710 [9]
3717 []
3723 []
3735 [4]
3751 []
3752 [1]
3754 []
3759 [5]
3774 []
3779 []
3784 [1, 3]
3802 []
3820 []
3825 []
3830 []
3839 []
3845 []
3853 []
3857 []
3858 []
3860 []
3870 []
3889 []
3890 [3, 9, 8]
3893 []
3895 []
3896 [4]
3898 []
3928 []
3932 []
3936 []
3954 []
3964 []
3974 []
4004 []
4011 []
4030 []
4037 []
4038 []
4044 []
4049 []
4050 [5, 7]
4055 [4, 7, 0, 9, 5, 3, 2]
4061 []
4063 []
4079 []
4094 []
4102 []
4149 []
4159 []
4176 [1]
4224 [1]
4244 []
4260 [9]
4271 []
4281 []
4283 [7]
4298 [2, 6, 1]
4303 [1, 5, 4, 9]
4327 [5]
4331 []
4338 []
4374 []
4458 []
4463 []
4469 []
4490 []
4520 []
4568 []
4571 []
4604 [6]
4606 [7]
4607 []
4646 [7, 3, 9, 4]
4706 []
4711 [3]
4747 [0]
4763 [3]
4798 [6]
4897 [6, 8]
4920 [1, 3, 6, 8, 0]
4927 [7, 0, 3]
4931 [1, 5]
4932 []
4944 []
4972 []
4985 []
4991 []
4992 []
5008 []
5009 []
5014 []
5015 [6]
5017 []
5023 []
5087 []
5095 []
5097 []
5117 [2, 0, 6]
5134 [2, 3]
5135 []
5139 []
5144 []
5191 []
5194 []
5210 []
5221 []
5234 [5]
5279 []
5289 []
5306 []
5310 []
5363 []
5377 []
5409 []
5444 []
5474 []
5486 []
5500 []
5506 []
5511 []
5518 []
5534 [6]
5564 []
5588 []
5604 [7]
5634 []
5651 [4]
5653 []
5686 []
5689 []
5731 []
5737 []
5744 []
5751 []
5773 []
5794 [5]
5889 []

 ONE_HIT: 0.2594142259414226