5 []
15 []
17 [8, 5]
18 []
25 []
35 [2, 3]
60 []
64 []
89 []
103 [1]
105 []
124 []
130 []
176 []
302 []
376 []
382 []
414 []
437 []
443 []
488 []
571 []
689 []
702 []
713 []
847 []
912 [0, 4, 5]
916 []
935 []
1002 [0]
1190 [4, 1, 2]
1335 []
1352 []
1485 []
1551 []
1711 []
1922 []
1929 []
1931 [8]
1949 []
1953 [1]
1954 [9]
1955 [2]
1956 [9]
1959 [5, 8]
1960 [1]
1961 [7]
1982 [8]
1983 [2]
1991 [7]
1996 []
2001 []
2032 []
2106 [0]
2133 []
2193 []
2197 []
2226 []
2248 []
2354 [4, 1]
2372 []
2423 []
2467 [1]
2573 []
2576 []
2608 [0]
2626 []
2651 []
2729 []
2784 []
2804 []
2861 []
2959 []
2966 [0]
3044 []
3088 []
3118 []
3136 []
3145 []
3227 []
3281 [4]
3382 []
3389 [6]
3428 [8, 3, 0, 2, 4, 5, 7, 6, 1]
3478 []
3603 [5, 2]
3609 []
3723 []
3735 [4]
3752 [1]
3759 [5]
3779 []
3784 [1, 3]
3825 []
3830 []
3845 []
3853 []
3857 []
3858 []
3870 []
3889 []
3890 [3, 9, 8]
3893 []
3895 []
3896 [4]
3898 []
3928 []
3932 []
3936 []
3974 []
4011 []
4030 []
4050 [5, 7]
4055 [4, 7, 0, 9, 5, 3, 2]
4102 []
4149 []
4176 [1]
4244 []
4271 []
4281 []
4283 [7]
4298 [2, 6, 1]
4303 [1, 5, 4, 9]
4327 [5]
4331 []
4458 []
4463 []
4490 []
4604 [6]
4606 [7]
4646 [7, 3, 9, 4]
4706 []
4711 [3]
4747 [0]
4763 [3]
4920 [1, 3, 6, 8, 0]
4932 []
4972 []
4985 []
4992 []
5008 []
5023 []
5087 []
5095 []
5117 [2, 0, 6]
5134 [2, 3]
5135 []
5210 []
5221 []
5279 []
5289 []
5306 []
5310 []
5363 []
5377 []
5409 []
5474 []
5486 []
5506 []
5511 []
5518 []
5534 [6]
5634 []
5686 []
5744 []
5794 [5]

 ONE_HIT: 0.30120481927710846