5 []
15 []
17 [8, 5, 5]
18 []
25 []
35 [2, 2, 3, 3, 3]
60 [2]
64 []
89 []
103 [1, 1]
105 []
124 []
130 [1]
176 []
302 []
376 []
382 [9, 9]
414 []
437 []
443 []
488 []
571 []
689 [2]
702 []
713 []
786 []
847 []
912 [0, 4, 5]
916 []
935 []
1002 [0, 0, 0]
1190 [4, 9, 1, 2, 2, 2]
1335 []
1352 []
1485 []
1551 []
1711 []
1733 []
1922 []
1929 []
1931 [8, 8]
1949 []
1953 [1]
1954 [9, 9]
1955 [2, 2]
1956 [9, 9, 9]
1959 [5, 5, 8]
1960 [1]
1961 [7, 3]
1982 [8, 8]
1983 [2, 1, 1]
1991 [7, 7]
1996 []
2001 []
2032 []
2106 [0]
2133 []
2193 []
2197 []
2215 []
2226 []
2248 []
2354 [4, 1, 1]
2357 []
2372 []
2423 []
2467 [1]
2573 []
2576 []
2608 [0, 0, 0, 0, 0]
2626 [5]
2651 []
2674 [2, 2, 9, 9, 0, 0, 1, 1]
2729 []
2784 []
2804 []
2805 []
2832 []
2861 []
2959 []
2966 [0, 0]
3044 []
3088 []
3118 []
3136 []
3145 []
3162 []
3227 [6, 6]
3281 [4]
3382 []
3389 [7, 6]
3428 [8, 8, 3, 5, 5, 7, 6, 6, 6, 0, 0, 2, 4, 5, 7, 7, 6, 1]
3452 []
3478 []
3603 [5, 5, 2, 2, 3, 3, 3]
3609 []
3710 [9, 9]
3717 []
3723 []
3735 [4]
3752 [1, 1, 1]
3754 []
3759 [5, 5, 5, 0, 0, 0]
3779 []
3784 [1, 1, 3]
3802 []
3820 []
3825 []
3830 []
3839 []
3845 []
3853 []
3857 []
3858 []
3860 []
3870 []
3889 []
3890 [3, 9, 8]
3893 []
3895 []
3896 [4, 2, 2, 2, 2, 2]
3898 []
3928 []
3932 []
3936 []
3954 []
3964 []
3974 []
4004 []
4011 [7, 7]
4030 []
4037 []
4049 []
4050 [5, 5, 5, 7, 7, 7, 7]
4055 [4, 7, 7, 0, 0, 9, 5, 5, 3, 2]
4079 [2, 2]
4094 []
4102 []
4149 []
4176 [1]
4244 [9, 1, 1]
4260 [9]
4271 []
4281 []
4283 [7, 7]
4298 [2, 2, 6, 1]
4303 [7, 1, 1, 9, 5, 5, 4, 4, 4, 9]
4327 [5]
4331 []
4458 []
4463 []
4490 []
4520 []
4568 []
4604 [6, 6, 6]
4606 [7, 7]
4646 [7, 7, 3, 4, 9, 9, 4, 4]
4706 []
4711 [3, 3]
4747 [0, 0]
4763 [3]
4798 [6]
4920 [1, 1, 3, 3, 6, 6, 6, 6, 8, 8, 0]
4931 [1, 1, 5, 5, 5]
4932 []
4972 []
4985 []
4991 [7, 7]
4992 []
5008 [1]
5009 []
5015 [6, 6]
5017 []
5023 []
5087 []
5095 []
5117 [2, 2, 0, 3, 6]
5134 [2, 3, 3]
5135 []
5139 []
5191 []
5210 []
5221 []
5234 [5, 5]
5279 [6, 6]
5289 []
5306 []
5310 []
5363 []
5377 []
5409 []
5444 []
5474 []
5486 [9]
5506 [8]
5511 []
5518 []
5534 [6, 6]
5588 []
5634 []
5651 [4, 4, 4]
5686 []
5737 []
5744 []
5751 []
5773 []
5794 [5, 5]
5889 []

 ONE_HIT: 0.34615384615384615