5 []
15 []
17 []
18 []
25 []
35 [8, 9]
60 []
64 [6]
67 []
89 []
103 [4, 0]
105 []
124 [9]
130 []
176 []
302 []
382 [7]
414 [8]
437 [5, 1, 7, 6]
443 []
448 [2]
483 []
488 []
511 []
571 []
689 []
702 []
847 []
912 [0, 4, 7]
935 [2, 6, 1, 3, 0, 4]
1002 [2]
1190 [7, 1, 4, 2]
1225 []
1335 []
1352 []
1485 []
1551 []
1711 [2, 4, 3]
1922 []
1931 []
1949 [1, 2]
1953 [7]
1954 []
1955 [9]
1956 [7]
1959 []
1960 [7]
1961 []
1982 []
1983 [6]
1991 []
1996 []
2001 []
2032 []
2106 [1]
2129 []
2133 []
2193 []
2197 []
2226 [2]
2243 []
2248 []
2324 [1]
2354 [4]
2372 []
2373 []
2388 []
2423 []
2467 [2]
2573 []
2576 [1]
2608 [0]
2626 []
2651 []
2729 []
2739 []
2784 []
2804 []
2861 []
2888 []
2906 [0]
2966 [0]
3044 []
3088 [0]
3118 []
3136 []
3145 []
3281 [8]
3382 []
3389 []
3392 []
3428 [0, 7, 9, 2, 1, 3]
3501 [7]
3603 [5]
3609 []
3735 [8, 4]
3752 [4]
3759 []
3778 []
3779 []
3784 [8, 1, 6]
3825 []
3830 []
3845 []
3853 []
3857 []
3858 [6]
3870 []
3889 []
3890 [8]
3896 []
3898 []
3928 []
3932 [3]
3994 []
4030 []
4055 [9, 1, 7, 0, 8, 5, 4, 6]
4102 []
4176 [3]
4179 []
4244 []
4271 []
4281 [0]
4283 []
4298 [4, 9, 3]
4303 [3, 9, 0]
4327 [6]
4331 []
4458 []
4490 []
4604 []
4606 [2]
4611 []
4646 [9]
4706 []
4711 [6]
4739 []
4747 [0, 5]
4763 []
4920 [5, 6, 8, 1, 3, 2]
4932 []
4972 []
4985 []
4992 []
5001 []
5008 []
5060 []
5072 []
5087 []
5117 [7, 4]
5134 [6, 8, 1]
5210 [7]
5221 []
5279 []
5289 []
5306 []
5310 []
5377 []
5379 []
5409 []
5474 []
5486 []
5506 []
5511 []
5518 []
5534 []
5537 []
5744 []

 ONE_HIT: 0.31547619047619047