5 []
15 []
17 []
18 []
25 []
35 []
60 []
64 []
67 []
89 []
103 [0, 0]
105 []
124 []
130 [2, 2, 1]
176 []
195 []
302 []
376 []
382 []
414 []
437 [1, 1]
443 []
448 [2, 2]
483 []
488 []
511 []
571 []
689 []
690 []
702 []
713 []
749 []
786 []
791 []
843 []
847 []
912 [0]
916 []
935 [2, 2, 1, 1, 0]
1002 [2, 2, 2]
1190 [1, 2, 2, 2]
1225 []
1284 []
1331 []
1335 []
1352 []
1485 []
1551 []
1711 [2, 2, 2, 2]
1733 []
1736 []
1922 []
1929 []
1931 []
1949 [1, 2, 2]
1953 []
1954 []
1955 []
1956 []
1959 []
1960 []
1961 []
1982 []
1983 [2, 2]
1991 []
1996 []
2001 []
2032 []
2106 [1, 0]
2129 []
2133 []
2193 []
2197 []
2215 []
2216 []
2226 [2, 2]
2243 []
2248 []
2305 []
2324 [1, 1]
2354 []
2357 []
2372 []
2373 []
2388 []
2423 []
2424 []
2467 [2]
2573 []
2576 [1]
2608 [0, 0, 0, 0, 0]
2626 []
2651 []
2674 [2, 0, 0, 1, 1]
2720 []
2729 []
2739 []
2784 []
2804 []
2805 []
2818 []
2832 []
2834 []
2857 []
2861 []
2888 []
2906 [0, 0]
2959 []
2966 [0, 0]
3044 []
3088 [0]
3118 []
3136 []
3145 []
3162 []
3227 []
3281 []
3382 []
3389 []
3392 []
3428 [0, 0, 2, 1, 1, 1, 1]
3452 []
3478 []
3501 []
3603 []
3604 []
3609 []
3610 []
3627 []
3710 []
3717 []
3723 []
3735 []
3738 []
3751 [0]
3752 []
3754 []
3759 [0, 0, 0]
3764 []
3774 []
3778 [1, 1]
3779 []
3784 [1, 1]
3802 [0]
3809 []
3820 []
3825 []
3830 []
3833 []
3839 []
3845 []
3853 []
3857 []
3858 []
3860 []
3870 []
3881 []
3889 []
3890 []
3893 []
3895 []
3896 []
3898 []
3924 []
3928 []
3932 []
3936 []
3954 []
3964 [1]
3974 []
3994 []
4004 []
4011 []
4030 []
4037 []
4038 []
4044 []
4049 []
4050 []
4055 [1, 1, 0]
4061 []
4063 []
4079 []
4094 []
4101 []
4102 []
4149 []
4159 []
4176 []
4179 []
4197 []
4224 [2, 2]
4244 []
4260 [0, 0, 0]
4271 []
4281 [0]
4283 []
4295 []
4298 []
4303 [1, 0, 0, 0]
4323 []
4327 []
4331 [2]
4338 []
4374 []
4398 []
4458 []
4463 []
4469 []
4490 []
4510 []
4520 []
4521 []
4568 []
4571 []
4604 []
4606 [2, 2]
4607 []
4611 []
4646 []
4658 []
4681 []
4706 []
4711 []
4739 []
4747 [0, 0]
4763 []
4795 []
4798 []
4897 []
4905 []
4920 [0, 0, 1, 1, 1, 2]
4927 [0]
4931 [2, 2]
4932 []
4944 []
4970 []
4972 []
4985 []
4991 []
4992 []
5001 []
5008 []
5009 []
5013 []
5014 []
5015 []
5017 []
5023 []
5060 []
5072 []
5087 []
5095 []
5097 []
5117 []
5134 [1, 1, 1]
5135 []
5139 []
5144 []
5165 []
5191 []
5194 []
5210 [2, 2]
5221 []
5234 []
5279 []
5289 []
5306 []
5310 []
5363 []
5377 []
5379 []
5409 []
5415 []
5444 []
5474 []
5486 []
5500 []
5506 []
5511 []
5518 []
5519 []
5520 []
5534 []
5535 [0]
5537 []
5564 []
5588 []
5604 []
5634 []
5645 []
5651 [1]
5653 []
5686 []
5689 []
5697 []
5727 []
5731 []
5737 []
5738 []
5744 []
5751 []
5761 []
5773 []
5794 []
5889 []
5905 []

 ONE_HIT: 0.14006514657980457