5 []
15 []
17 []
35 [2, 2]
60 []
64 []
89 []
103 []
105 []
124 [3]
130 []
376 [4, 4]
382 []
414 []
437 [4, 4, 3, 3, 2]
443 []
571 []
689 [4]
702 []
791 []
912 []
916 []
935 [3, 2, 2, 0]
1002 []
1190 [1, 1, 1, 0, 0, 3, 3, 3, 3, 3]
1331 []
1352 []
1485 []
1711 []
1929 []
1931 [3, 3]
1949 [3, 0, 0, 4]
1953 []
1954 [2, 2]
1955 []
1956 [1, 1, 1]
1959 []
1960 []
1961 []
1982 [1, 1]
1983 [1, 4, 4, 2]
1991 []
2001 []
2032 []
2106 [0]
2193 []
2215 []
2226 []
2248 []
2338 [0, 0, 4, 4]
2354 []
2372 []
2423 [0, 0, 0]
2467 []
2608 [4, 4, 4, 4, 4]
2626 []
2651 []
2674 [1]
2784 []
2832 []
2851 []
2857 []
2861 [4]
2883 []
2897 []
2912 []
2916 []
2921 []
2966 []
3044 [4, 4, 4]
3088 []
3118 []
3136 []
3180 []
3227 []
3263 []
3281 []
3382 []
3389 []
3428 [0, 0, 4]
3452 []
3603 []
3710 [3, 3, 3, 2, 2, 2]
3717 []
3723 []
3735 [1]
3751 []
3752 []
3754 []
3759 []
3779 []
3784 [1]
3801 [4, 4, 0, 0]
3837 []
3857 []
3858 []
3870 []
3889 []
3890 [1]
3895 []
3896 []
3898 []
3928 []
3932 []
3954 []
3964 []
3974 []
4037 []
4044 []
4050 [4]
4055 [1]
4094 []
4127 []
4159 []
4176 []
4224 []
4244 [0]
4255 []
4260 [4]
4281 []
4283 []
4298 [3, 1, 1, 1, 1]
4299 []
4303 [3]
4327 [1, 1, 1]
4331 [0]
4372 []
4374 []
4375 []
4378 []
4380 []
4472 []
4475 [0]
4490 []
4524 []
4568 []
4570 []
4571 []
4604 []
4606 []
4607 []
4646 [3, 3]
4747 []
4791 []
4798 []
4897 [4, 4]
4920 [0, 0, 2, 2, 2, 2, 3, 1, 1]
4927 []
4931 []
4932 []
4944 []
4972 []
4991 []
4992 []
5008 []
5015 [0, 0]
5087 []
5095 [4]
5097 []
5117 [4, 0, 0, 0]
5134 [3, 3, 4, 4, 4]
5135 []
5139 []
5210 []
5234 []
5279 [1, 1]
5289 []
5363 []
5377 []
5409 []
5413 []
5486 []
5506 []
5509 []
5511 [1]
5518 []
5525 []
5534 []
5547 []
5555 []
5564 [2]
5642 []
5651 []
5689 []
5709 []
5724 []
5771 [1, 1, 1]
5782 []
5794 []

 ONE_HIT: 0.24338624338624337