5 []
15 []
17 []
18 []
25 []
35 [2, 2]
60 [9]
64 []
67 []
89 []
103 [7, 7, 8, 6, 6]
105 []
124 [3]
130 []
176 []
195 []
302 []
376 [8, 8, 4, 4]
382 []
414 [8, 8]
437 [9, 9, 9, 4, 4, 3, 3, 7, 7, 8, 2]
443 [9, 9]
448 []
483 []
488 []
511 []
571 []
689 [4]
702 []
713 []
847 []
912 []
916 []
935 [3, 2, 2, 8, 8, 9, 0]
1002 [8, 6]
1190 [5, 5, 5, 5, 5, 1, 1, 1, 0, 0, 3, 3, 3, 3, 3, 8]
1225 []
1335 []
1352 []
1485 []
1551 []
1711 []
1922 []
1929 [9]
1931 [3, 3]
1949 [3, 0, 0, 6, 4]
1953 []
1954 [2, 2]
1955 []
1956 [1, 1, 1]
1959 []
1960 []
1961 []
1982 [1, 1]
1983 [1, 4, 4, 6, 6, 2]
1991 []
1996 []
2001 []
2032 []
2106 [0]
2129 []
2133 []
2193 []
2197 []
2226 []
2243 []
2248 []
2305 []
2324 []
2354 [7, 7]
2372 []
2373 []
2388 []
2423 [0, 0, 0]
2467 []
2573 []
2576 []
2608 [4, 4, 4, 4, 4]
2626 []
2651 []
2729 []
2739 []
2784 []
2804 []
2861 [3]
2888 []
2906 [3, 3]
2959 []
2966 []
3044 [4, 4, 4, 6, 6]
3088 []
3118 []
3136 []
3145 []
3227 []
3281 []
3382 []
3389 [8]
3392 []
3428 [0, 0, 4, 6, 5, 9, 9, 9, 6, 6, 8]
3478 []
3501 []
3603 []
3609 []
3723 []
3735 [1]
3752 []
3759 [9]
3778 []
3779 []
3784 [7, 1]
3825 []
3830 [9, 9]
3845 []
3853 []
3857 []
3858 []
3870 []
3889 []
3890 [8, 5, 1]
3893 []
3895 []
3896 []
3898 []
3928 []
3932 []
3936 []
3974 [5]
3994 []
4011 []
4030 [2, 2, 2, 2]
4050 [4]
4055 [5, 5, 5, 5, 5, 5, 5, 1]
4101 []
4102 []
4149 []
4176 [9, 9, 9]
4179 []
4244 [0]
4271 []
4281 []
4283 []
4298 [8, 8, 3, 1, 1, 1, 1]
4303 [3, 9, 9]
4323 []
4327 [1, 1, 1]
4331 [7, 0]
4398 []
4458 []
4463 []
4490 []
4604 []
4606 []
4611 []
4646 [3, 3]
4706 []
4711 []
4739 []
4747 [5, 5]
4763 []
4920 [9, 0, 0, 7, 7, 9, 9, 2, 2, 2, 2, 3, 5, 5, 1, 1, 8]
4932 []
4972 []
4985 []
4992 []
5001 []
5008 []
5023 []
5060 []
5072 []
5087 []
5095 [9, 4]
5117 [7, 9, 9, 9, 7, 4, 0, 0, 0]
5134 [3, 3, 4, 4, 4, 9, 9, 9]
5135 []
5210 []
5221 []
5279 [1, 1]
5289 []
5306 [8, 0]
5310 [8, 8, 8, 8]
5363 [9, 5]
5377 []
5379 []
5409 []
5474 []
5486 []
5506 []
5511 [1, 8]
5518 []
5519 []
5520 []
5534 []
5537 []
5634 []
5686 []
5744 []
5794 []

 ONE_HIT: 0.2727272727272727