5 []
15 []
17 []
35 [3, 4]
60 []
64 []
89 []
103 []
105 []
124 []
130 []
376 []
382 []
414 []
437 [1]
443 []
571 []
689 [2]
702 []
791 []
912 [0]
916 []
935 [0, 2]
1002 []
1190 [0, 2]
1331 []
1352 []
1485 []
1711 []
1929 []
1931 [3]
1949 [3, 1, 2]
1953 [3]
1954 [1]
1955 [1]
1956 [1]
1959 []
1960 []
1961 []
1982 [3]
1983 [3, 2]
1991 []
2001 []
2032 []
2106 []
2193 [0]
2215 []
2226 []
2248 []
2338 [0]
2354 []
2372 []
2423 []
2467 [0, 2]
2608 []
2626 []
2651 []
2674 [4]
2784 [4]
2832 []
2851 []
2857 []
2861 [4]
2883 []
2897 []
2912 []
2916 []
2921 []
2966 []
3044 []
3088 []
3118 []
3136 []
3180 [4]
3227 []
3263 []
3281 []
3382 []
3389 [1]
3428 [4]
3452 []
3603 []
3710 []
3717 []
3723 []
3735 [1]
3751 []
3752 []
3754 []
3759 []
3779 []
3784 []
3801 [1]
3837 []
3857 []
3858 []
3870 []
3889 []
3890 []
3895 []
3896 []
3898 []
3928 []
3932 []
3954 []
3964 [4]
3974 []
4037 []
4044 []
4050 []
4055 [4, 3, 0]
4094 []
4127 []
4159 []
4176 [0]
4224 [4]
4244 []
4255 []
4260 []
4281 []
4283 []
4298 []
4299 []
4303 [1]
4327 []
4331 []
4372 []
4374 [2]
4375 []
4378 []
4380 []
4472 []
4475 []
4490 []
4524 []
4568 []
4570 []
4571 []
4604 []
4606 []
4607 [4]
4646 []
4747 [0]
4791 []
4798 []
4897 []
4920 [3, 2, 4, 0]
4927 []
4931 [0]
4932 []
4944 []
4972 []
4991 []
4992 []
5008 []
5015 [0]
5087 []
5095 []
5097 []
5117 [1, 0, 3, 2]
5134 [4, 0, 2]
5135 [3]
5139 [0]
5210 []
5234 []
5279 []
5289 []
5363 [3]
5377 []
5409 []
5413 []
5486 []
5506 []
5509 [4]
5511 []
5518 [3]
5525 []
5534 []
5547 []
5555 []
5564 []
5642 []
5651 []
5689 [0]
5709 []
5724 []
5771 []
5782 []
5794 []

 ONE_HIT: 0.2328042328042328