5 []
15 [6]
17 []
35 [8, 8, 9, 9, 9]
60 []
64 [6]
89 []
103 [4, 4, 0, 0]
105 []
124 [9, 9, 4]
130 [2, 2, 1]
376 []
382 [7]
414 [8, 8]
437 [5, 5, 1, 1, 7, 6]
443 [7, 7]
571 []
689 [6]
702 []
791 []
912 [0, 4, 7]
916 []
935 [2, 2, 6, 1, 1, 3, 3, 0, 4]
1002 [2, 2, 2]
1190 [7, 1, 4, 4, 4, 2, 2, 2]
1331 []
1352 []
1485 []
1711 [4, 2, 2, 2, 2, 4, 4, 3]
1929 []
1931 []
1949 [1, 2, 2]
1953 [7]
1954 []
1955 [9, 9]
1956 [7]
1959 []
1960 [7]
1961 [7]
1982 []
1983 [6, 2, 2]
1991 []
2001 []
2032 []
2106 [1, 4, 0]
2193 []
2215 []
2226 [3, 2, 2]
2248 []
2338 [4, 9, 2, 7, 7]
2354 [4, 4]
2372 []
2423 []
2467 [2]
2608 [0, 0, 0, 0, 0]
2626 [9]
2651 []
2674 [2, 3, 3, 0, 0, 1, 1]
2784 []
2832 []
2851 [2]
2857 []
2861 []
2883 []
2897 []
2912 [7]
2916 []
2921 []
2966 [0, 0]
3044 []
3088 [0]
3118 []
3136 []
3180 [4]
3227 []
3263 []
3281 [8]
3382 []
3389 []
3428 [0, 0, 7, 9, 2, 1, 1, 1, 1, 3]
3452 []
3603 [5, 5]
3710 [6, 6]
3717 [4]
3723 []
3735 [8, 8, 4, 4]
3751 [0]
3752 [4, 4, 4]
3754 []
3759 [0, 0, 0]
3779 []
3784 [8, 8, 1, 1, 6]
3801 [2, 2]
3837 [5]
3857 []
3858 [6]
3870 []
3889 []
3890 [8]
3895 []
3896 [3, 3, 3, 3, 3]
3898 []
3928 []
3932 [3]
3954 []
3964 [3, 1]
3974 [3]
4037 [3, 3]
4044 []
4050 [7, 7, 7, 3]
4055 [9, 1, 1, 7, 0, 8, 5, 4, 6]
4094 [5]
4127 []
4159 []
4176 [3]
4224 [2, 2]
4244 [3, 3]
4255 [3]
4260 [0, 0, 0]
4281 [0]
4283 []
4298 [4, 4, 9, 3]
4299 []
4303 [3, 3, 1, 9, 9, 9, 0, 0, 0]
4327 [6, 6]
4331 [2]
4372 []
4374 []
4375 []
4378 []
4380 []
4472 [3]
4475 []
4490 []
4524 []
4568 []
4570 []
4571 []
4604 []
4606 [2, 2]
4607 []
4646 [9]
4747 [0, 0, 5, 5]
4791 [4]
4798 []
4897 [8, 8]
4920 [5, 5, 6, 6, 8, 8, 0, 0, 1, 1, 1, 3, 3, 2]
4927 [0, 5]
4931 [2, 2, 7, 7, 7]
4932 []
4944 []
4972 []
4991 []
4992 []
5008 [4]
5015 []
5087 []
5095 []
5097 []
5117 [6, 6, 6, 7, 7, 4, 8]
5134 [6, 8, 8, 1, 1, 1]
5135 []
5139 []
5210 [7, 2, 2]
5234 []
5279 []
5289 []
5363 [4, 4]
5377 [5]
5409 []
5413 []
5486 []
5506 []
5509 [5]
5511 []
5518 []
5525 []
5534 []
5547 []
5555 []
5564 [4, 4]
5642 []
5651 [6, 6, 6, 1]
5689 []
5709 []
5724 [1]
5771 [7, 9]
5782 []
5794 [8]

 ONE_HIT: 0.4708994708994709