5 []
9 []
15 []
17 []
18 []
25 []
35 [2]
54 []
60 []
62 []
64 []
67 []
89 []
103 []
105 []
124 []
130 []
176 []
206 []
254 []
302 []
382 []
414 []
437 [4, 3, 2]
443 []
448 []
483 []
488 []
511 []
562 []
571 []
686 []
689 [4]
695 []
702 []
847 []
912 []
935 [3, 2, 0]
1002 []
1190 [1, 0]
1225 []
1307 []
1317 []
1335 []
1352 []
1485 []
1551 []
1659 []
1681 []
1711 []
1826 []
1922 []
1931 [3]
1949 [3, 0, 4]
1953 []
1954 [2]
1955 []
1956 [1]
1959 []
1960 []
1961 []
1981 []
1982 [1]
1983 [1, 2]
1991 []
1995 []
1996 []
2001 []
2032 []
2040 []
2106 []
2129 []
2133 []
2187 []
2193 []
2197 []
2226 []
2243 []
2248 []
2324 []
2354 []
2372 []
2373 []
2388 []
2423 []
2467 []
2573 []
2576 []
2608 [4]
2626 []
2640 []
2651 []
2729 []
2739 []
2742 []
2784 []
2804 []
2813 []
2861 [4]
2888 []
2906 [3]
2966 []
3044 []
3088 []
3097 []
3118 []
3136 []
3145 []
3164 []
3170 []
3281 []
3382 []
3389 []
3392 []
3427 []
3428 [0, 4]
3501 []
3603 []
3609 []
3613 []
3663 []
3724 []
3735 [1]
3752 []
3759 []
3778 []
3779 []
3784 [1]
3787 []
3825 []
3830 []
3842 []
3845 []
3853 []
3857 []
3858 []
3870 []
3889 []
3890 [1]
3896 []
3898 []
3928 []
3932 []
3994 []
4017 []
4030 [2]
4055 [1]
4070 []
4102 []
4141 []
4144 []
4147 []
4156 []
4157 []
4169 []
4176 []
4179 []
4244 []
4271 []
4281 []
4283 []
4298 [1]
4303 []
4327 [1]
4331 []
4458 []
4490 []
4599 []
4604 []
4606 []
4611 []
4646 [3]
4706 []
4711 []
4739 []
4747 []
4763 []
4799 []
4883 []
4920 [0, 2, 1]
4932 []
4972 []
4985 []
4992 []
5001 []
5008 []
5060 []
5072 []
5084 []
5087 []
5099 []
5100 []
5117 [4, 0]
5134 [3, 4]
5154 []
5210 []
5221 []
5222 []
5250 []
5279 []
5289 []
5306 [0]
5310 []
5331 []
5377 []
5379 []
5409 []
5474 []
5476 []
5486 []
5506 []
5511 []
5518 []
5534 []
5537 []
5549 []
5614 []
5744 []

 ONE_HIT: 0.12385321100917432