5 []
9 []
15 []
17 []
18 []
25 []
35 [3, 3, 4, 4]
54 []
60 [5, 5]
62 []
64 []
67 []
89 []
103 [7, 7, 6]
105 [4]
124 [0, 0, 0]
130 []
176 []
195 []
206 []
254 []
302 []
376 []
377 []
382 []
414 []
436 []
437 [9, 9, 9, 5, 5, 6, 6, 1]
443 [7, 7]
448 []
483 []
488 []
511 []
562 []
571 []
595 []
604 []
605 []
623 []
651 []
655 []
657 []
676 []
686 []
689 [5, 2]
690 []
695 []
702 []
713 []
743 []
749 []
762 []
783 []
786 []
791 []
799 []
843 []
847 []
912 [0]
916 []
918 []
919 []
935 [6, 6, 7, 0, 0, 9, 2, 5]
1002 [7, 4]
1134 []
1190 [5, 5, 5, 5, 5, 0, 0, 0, 2, 2, 6, 6, 6, 6, 6, 8, 9]
1225 []
1230 []
1284 []
1307 []
1317 []
1331 []
1335 []
1352 []
1392 []
1485 []
1551 []
1569 []
1659 []
1681 []
1698 []
1711 [7]
1725 []
1733 []
1736 []
1752 []
1822 []
1826 []
1913 []
1922 []
1929 []
1931 [3, 3]
1949 [3, 4, 4, 9, 1, 1, 2]
1953 [3]
1954 [1, 1]
1955 [1]
1956 [1, 1, 1]
1959 [7]
1960 [5]
1961 []
1963 []
1981 []
1982 [3, 3]
1983 [3, 1, 1, 2]
1991 []
1995 []
1996 []
2001 []
2004 []
2032 []
2040 []
2106 [5, 6]
2129 []
2133 []
2145 []
2165 []
2178 []
2187 []
2189 []
2193 [0, 1, 1]
2197 []
2215 []
2216 [3]
2226 [5, 5]
2243 []
2248 []
2305 []
2317 []
2324 []
2338 [0, 5, 8, 8]
2354 []
2357 []
2372 []
2373 []
2388 []
2414 []
2423 []
2424 []
2467 [0, 2, 2, 2]
2523 []
2538 []
2573 []
2576 []
2608 [9, 9, 9, 6, 6, 6, 6, 6]
2619 []
2626 []
2639 []
2640 []
2647 []
2651 []
2674 [6, 6, 6, 4, 4, 4, 4, 4, 4]
2720 [2, 2, 2, 2]
2729 []
2739 []
2742 []
2765 []
2784 [4, 4, 4]
2804 []
2805 []
2813 []
2818 [3]
2832 []
2834 [3]
2851 []
2857 []
2861 [9]
2883 []
2888 []
2897 []
2900 []
2904 []
2906 []
2910 []
2912 []
2916 []
2921 []
2922 []
2957 []
2959 []
2966 []
2972 []
3006 []
3007 []
3044 []
3088 [7, 8]
3090 []
3096 []
3097 []
3099 []
3118 []
3123 [2]
3134 [5]
3136 []
3145 []
3162 []
3164 []
3170 []
3176 []
3180 [9, 4, 4]
3185 []
3205 []
3213 []
3227 []
3263 []
3280 []
3281 []
3302 []
3378 []
3382 []
3389 [0, 1]
3392 []
3415 []
3427 []
3428 [7, 7, 4, 9, 9, 9, 4, 4, 0, 0, 0]
3433 [5]
3452 []
3478 []
3501 []
3520 []
3603 []
3604 [1, 1, 1, 1, 1]
3609 []
3610 []
3613 []
3627 []
3663 []
3710 [6, 6, 6]
3717 []
3723 [8]
3724 []
3735 [1]
3736 []
3738 []
3751 []
3752 []
3754 []
3759 [1, 1, 1, 5, 5]
3764 [7, 7, 7]
3767 []
3774 []
3778 []
3779 []
3784 [3, 6, 6]
3787 []
3801 [1, 1]
3802 []
3809 []
3820 []
3825 [2]
3830 []
3832 []
3833 []
3835 []
3837 []
3839 []
3842 []
3845 []
3853 []
3857 []
3858 []
3860 []
3870 []
3881 []
3888 [1]
3889 []
3890 [6]
3893 [5]
3895 []
3896 [6, 6]
3898 []
3911 []
3924 []
3928 [7]
3932 []
3936 []
3954 []
3964 [6, 4]
3967 [1]
3974 [6]
3994 []
4004 [8, 8, 8, 8, 2, 2, 2, 2, 9, 9]
4006 []
4011 []
4017 []
4018 []
4030 []
4037 []
4038 [1]
4044 []
4046 []
4049 []
4050 [8, 6]
4053 []
4055 [4, 3, 0]
4058 []
4059 []
4061 []
4063 []
4070 []
4079 []
4094 []
4101 []
4102 []
4127 []
4129 [7, 7]
4139 []
4141 []
4143 []
4144 []
4147 []
4149 []
4153 []
4154 []
4156 []
4157 []
4159 [7, 7, 7]
4169 []
4172 []
4176 [3, 3, 3, 0, 0, 0]
4179 []
4197 []
4224 [8, 4, 4, 4]
4244 []
4246 []
4255 []
4260 []
4271 []
4280 []
4281 []
4283 [4, 4, 4, 4]
4295 []
4298 [6, 6, 7, 6, 6]
4299 []
4303 [2, 9, 6, 6, 6, 9, 1, 1]
4323 []
4324 []
4327 []
4331 [7, 2, 8, 8, 8]
4334 []
4338 [2]
4352 []
4363 []
4372 []
4374 [2, 2]
4375 []
4378 []
4379 []
4380 []
4386 []
4398 []
4400 []
4415 []
4434 []
4436 []
4451 []
4458 []
4463 []
4467 []
4469 []
4472 []
4475 [5]
4478 []
4483 []
4490 []
4497 []
4510 [6]
4512 []
4520 []
4521 []
4524 []
4552 []
4568 [7, 7]
4570 []
4571 []
4575 []
4588 []
4589 []
4594 []
4598 []
4599 []
4604 []
4605 []
4606 []
4607 [4]
4611 []
4627 []
4629 []
4640 []
4646 [6, 6]
4658 []
4659 []
4668 []
4671 []
4681 []
4702 []
4706 []
4711 []
4725 []
4739 []
4747 [0, 0, 0, 0]
4757 []
4759 []
4760 []
4763 []
4765 []
4767 []
4769 []
4770 []
4773 []
4776 []
4791 []
4794 []
4795 []
4798 [8, 8]
4799 []
4811 []
4818 []
4828 []
4833 []
4883 []
4896 []
4897 [8]
4905 []
4918 []
4920 [2, 3, 3, 5, 5, 5, 6, 6, 2, 2, 4, 4, 4, 4, 8, 0, 0]
4927 []
4931 [0, 0]
4932 []
4933 []
4944 [0]
4969 []
4970 []
4972 []
4973 []
4979 []
4985 []
4991 []
4992 []
4999 []
5001 []
5008 []
5009 []
5013 []
5014 []
5015 [0, 0, 9, 9]
5017 []
5023 []
5024 []
5038 []
5040 []
5056 []
5060 []
5062 []
5070 []
5072 []
5084 []
5087 []
5095 [9]
5097 []
5099 []
5100 []
5110 []
5117 [1, 1, 7, 7, 7, 7, 7, 3, 0, 0, 0, 3, 2, 5, 5, 5]
5118 []
5121 []
5134 [4, 4, 8, 8, 8, 0, 0, 0, 2, 2, 2]
5135 [9, 3, 3, 3, 3, 3]
5139 [0, 0]
5144 []
5154 []
5165 []
5168 []
5170 []
5171 []
5182 []
5191 []
5194 []
5210 []
5211 []
5221 [0]
5222 []
5232 []
5234 [7, 7]
5250 []
5252 []
5279 [6]
5280 []
5288 []
5289 []
5293 []
5296 []
5306 []
5310 [7, 7, 7]
5331 []
5346 []
5349 []
5363 [3, 7]
5364 []
5377 []
5379 []
5400 []
5406 []
5409 [6, 6, 6, 8, 8]
5413 []
5415 []
5434 []
5444 []
5447 []
5457 []
5474 []
5476 []
5486 [9]
5492 []
5500 [9]
5506 [8, 9, 9]
5508 []
5509 [8, 4]
5510 []
5511 [1]
5518 [9, 3]
5519 []
5520 []
5521 []
5524 []
5525 []
5534 []
5535 []
5537 []
5547 []
5549 []
5553 []
5555 []
5556 []
5561 []
5564 []
5565 []
5588 []
5594 []
5597 []
5600 []
5601 [5, 5]
5603 []
5604 [8]
5614 []
5629 []
5631 []
5633 []
5634 [0, 0, 0, 0]
5642 []
5643 []
5645 []
5646 []
5647 []
5650 []
5651 [4, 4, 4, 4]
5652 []
5653 []
5655 []
5660 []
5670 []
5686 []
5689 [0, 0, 0, 0, 0]
5697 []
5706 []
5709 []
5717 []
5718 []
5724 [8]
5727 []
5728 []
5730 []
5731 []
5737 []
5738 []
5740 []
5741 []
5744 []
5751 []
5760 []
5761 []
5762 []
5767 []
5771 [3, 3]
5773 []
5774 []
5777 [3, 3, 3]
5782 []
5786 []
5791 []
5794 []
5796 []
5841 []
5842 []
5863 [4, 4]
5889 []
5891 []
5893 [1, 1]
5898 []
5903 []
5905 []

 ONE_HIT: 0.18833333333333332