5 []
15 []
17 []
18 []
25 []
35 [2, 2]
60 [9]
64 []
89 []
103 [7, 7, 8, 6, 6]
105 []
124 [3]
130 []
176 []
302 []
376 [8, 8, 4, 4]
382 []
414 [8, 8]
437 [9, 9, 9, 4, 4, 3, 3, 7, 7, 8, 2]
443 [9, 9]
488 []
571 []
689 [4]
702 []
713 []
749 []
786 []
791 []
847 []
912 []
916 []
935 [3, 2, 2, 8, 8, 9, 0]
1002 [8, 6]
1190 [5, 5, 5, 5, 5, 1, 1, 1, 0, 0, 3, 3, 3, 3, 3, 8]
1331 [6]
1335 []
1352 []
1485 []
1551 []
1711 []
1733 []
1922 []
1929 [9]
1931 [3, 3]
1949 [3, 0, 0, 6, 4]
1953 []
1954 [2, 2]
1955 []
1956 [1, 1, 1]
1959 []
1960 []
1961 []
1982 [1, 1]
1983 [1, 4, 4, 6, 6, 2]
1991 []
1996 []
2001 []
2032 []
2106 [0]
2133 []
2193 []
2197 []
2215 []
2226 []
2248 []
2354 [7, 7]
2357 []
2372 []
2423 [0, 0, 0]
2467 []
2573 []
2576 []
2608 [4, 4, 4, 4, 4]
2626 []
2651 []
2674 [9, 9, 9, 9, 7, 7, 7, 1]
2720 []
2729 []
2784 []
2804 []
2805 [8]
2832 []
2857 []
2861 [3]
2959 []
2966 []
3044 [4, 4, 4, 6, 6]
3088 []
3118 []
3136 []
3145 []
3162 []
3227 []
3281 []
3382 []
3389 [8]
3428 [0, 0, 4, 6, 5, 9, 9, 9, 6, 6, 8]
3452 []
3478 []
3603 []
3609 []
3710 [3, 3, 3, 2, 2, 2, 6]
3717 [8, 8, 8]
3723 []
3735 [1]
3751 []
3752 []
3754 []
3759 [9]
3774 []
3779 []
3784 [7, 1]
3802 [4]
3820 []
3825 []
3830 [9, 9]
3839 []
3845 []
3853 []
3857 []
3858 []
3860 []
3870 []
3889 []
3890 [8, 5, 1]
3893 []
3895 []
3896 []
3898 []
3928 []
3932 []
3936 []
3954 [7]
3964 []
3974 [5]
4004 [5, 5, 3]
4011 []
4030 [2, 2, 2, 2]
4037 []
4038 [1]
4044 []
4049 []
4050 [4]
4055 [5, 5, 5, 5, 5, 5, 5, 1]
4061 [0]
4063 []
4079 [8, 8]
4094 []
4102 []
4149 []
4159 []
4176 [9, 9, 9]
4224 [7, 7]
4244 [0]
4260 [4, 5, 5, 5]
4271 []
4281 []
4283 []
4298 [8, 8, 3, 1, 1, 1, 1]
4303 [3, 9, 9]
4327 [1, 1, 1]
4331 [7, 0]
4338 []
4374 []
4458 []
4463 []
4469 []
4490 []
4520 []
4568 []
4571 []
4604 []
4606 []
4607 [7, 7, 7, 9, 9]
4646 [3, 3]
4706 []
4711 []
4747 [5, 5]
4763 []
4798 []
4897 [4, 4]
4920 [9, 0, 0, 7, 7, 9, 9, 2, 2, 2, 2, 3, 5, 5, 1, 1, 8]
4927 [5]
4931 []
4932 []
4944 [5]
4972 []
4985 []
4991 []
4992 []
5008 []
5009 []
5014 []
5015 [0, 0]
5017 []
5023 []
5087 []
5095 [9, 4]
5097 []
5117 [7, 9, 9, 9, 7, 4, 0, 0, 0]
5134 [3, 3, 4, 4, 4, 9, 9, 9]
5135 []
5139 []
5144 []
5191 []
5194 []
5210 []
5221 []
5234 []
5279 [1, 1]
5289 []
5306 [8, 0]
5310 [8, 8, 8, 8]
5363 [9, 5]
5377 []
5409 []
5444 []
5474 []
5486 []
5500 []
5506 []
5511 [1, 8]
5518 []
5534 []
5564 [2]
5588 []
5604 []
5634 []
5651 []
5653 []
5686 []
5689 []
5731 []
5737 []
5744 []
5751 []
5773 []
5794 []
5889 [1, 1]

 ONE_HIT: 0.3054393305439331