5 []
15 []
17 []
18 []
25 []
35 []
60 []
64 []
89 []
103 [4, 0]
105 []
124 []
130 []
176 []
302 []
376 []
382 []
414 []
437 [1]
443 []
488 []
571 []
689 []
702 []
713 []
749 []
786 []
791 []
847 []
912 [0, 4]
916 []
935 [2, 1, 3, 0, 4]
1002 [2]
1190 [1, 4, 2]
1331 []
1335 []
1352 []
1485 []
1551 []
1711 [2, 4, 3]
1733 []
1922 []
1929 []
1931 []
1949 [1, 2]
1953 []
1954 []
1955 []
1956 []
1959 []
1960 []
1961 []
1982 []
1983 []
1991 []
1996 []
2001 []
2032 []
2106 [1]
2133 []
2193 []
2197 []
2215 []
2226 [2]
2248 []
2354 [4]
2357 [3]
2372 []
2423 []
2467 [2]
2573 []
2576 [1]
2608 [0]
2626 []
2651 []
2674 [2, 3, 0, 1]
2720 []
2729 []
2784 []
2804 []
2805 []
2832 []
2857 []
2861 []
2959 []
2966 [0]
3044 []
3088 [0]
3118 []
3136 []
3145 []
3162 []
3227 []
3281 []
3382 []
3389 []
3428 [0, 2, 1, 3]
3452 []
3478 []
3603 []
3609 []
3710 []
3717 [4]
3723 []
3735 [4]
3751 []
3752 [4]
3754 []
3759 []
3774 []
3779 []
3784 [1]
3802 []
3820 []
3825 []
3830 []
3839 []
3845 []
3853 []
3857 []
3858 []
3860 []
3870 []
3889 []
3890 []
3893 []
3895 []
3896 []
3898 []
3928 []
3932 [3]
3936 []
3954 []
3964 [1]
3974 [3]
4004 []
4011 []
4030 []
4037 [3]
4038 []
4044 []
4049 []
4050 [3]
4055 [1, 0, 4]
4061 []
4063 []
4079 []
4094 []
4102 []
4149 []
4159 []
4176 [3]
4224 [2]
4244 []
4260 [0]
4271 []
4281 [0]
4283 []
4298 [4, 3]
4303 [3, 0]
4327 []
4331 []
4338 [3]
4374 []
4458 []
4463 []
4469 []
4490 []
4520 []
4568 []
4571 []
4604 []
4606 [2]
4607 []
4646 []
4706 []
4711 []
4747 [0]
4763 []
4798 []
4897 []
4920 [1, 3, 2]
4927 [0]
4931 [2]
4932 []
4944 []
4972 []
4985 []
4991 []
4992 []
5008 []
5009 []
5014 []
5015 []
5017 []
5023 []
5087 []
5095 []
5097 []
5117 [4]
5134 [1]
5135 []
5139 []
5144 []
5191 []
5194 []
5210 []
5221 []
5234 []
5279 []
5289 []
5306 []
5310 []
5363 [4]
5377 []
5409 []
5444 []
5474 []
5486 []
5500 []
5506 []
5511 []
5518 []
5534 []
5564 []
5588 []
5604 []
5634 []
5651 [1]
5653 []
5686 []
5689 []
5731 []
5737 []
5744 []
5751 []
5773 []
5794 []
5889 []

 ONE_HIT: 0.18828451882845187