5 []
15 []
17 []
18 []
35 [2]
60 []
64 []
89 []
103 []
105 []
124 []
130 []
376 [4]
382 []
414 []
437 [4, 3, 2]
443 []
571 []
689 [4]
702 []
912 []
916 []
935 [3, 2, 0]
1002 []
1190 [1, 0]
1352 []
1485 []
1711 []
1929 []
1931 [3]
1949 [3, 0, 4]
1953 []
1954 [2]
1955 []
1956 [1]
1959 []
1960 []
1961 []
1982 [1]
1983 [1, 2]
1991 []
2001 []
2032 []
2106 []
2193 []
2215 []
2226 []
2248 []
2354 []
2372 []
2423 []
2467 []
2608 [4]
2626 []
2651 []
2674 [1]
2784 []
2832 []
2861 [4]
2966 []
3044 []
3088 []
3118 []
3136 []
3145 []
3227 []
3281 []
3382 []
3389 []
3428 [0, 4]
3452 []
3603 []
3710 [3, 2]
3717 []
3723 []
3735 [1]
3752 []
3754 []
3759 []
3779 []
3784 [1]
3825 []
3839 []
3845 []
3857 []
3858 []
3870 []
3889 []
3890 [1]
3895 []
3896 []
3898 []
3928 []
3932 []
3954 []
3964 []
3974 []
4004 []
4011 []
4030 [2]
4037 []
4050 [4]
4055 [1]
4094 []
4102 []
4176 []
4244 []
4260 []
4281 []
4283 []
4298 [1]
4303 []
4327 [1]
4331 []
4458 []
4490 []
4568 []
4604 []
4606 []
4646 [3]
4747 []
4798 []
4920 [0, 2, 1]
4931 []
4932 []
4972 []
4985 []
4991 []
4992 []
5008 []
5009 []
5015 [0]
5023 []
5087 []
5095 [4]
5117 [4, 0]
5134 [3, 4]
5135 []
5139 []
5191 []
5210 []
5234 []
5279 []
5289 []
5306 [0]
5363 []
5377 []
5409 []
5486 []
5506 []
5511 []
5518 []
5534 []
5588 []
5634 []
5651 []
5794 []

 ONE_HIT: 0.20382165605095542