5 []
15 []
17 []
18 []
35 [3, 3, 4, 4]
60 []
64 []
89 []
103 []
105 [4]
124 [0, 0, 0]
130 []
382 []
414 []
437 [1]
443 []
571 []
689 [2]
702 []
912 [0]
935 [0, 0, 2]
1002 [4]
1190 [0, 0, 0, 2, 2]
1352 []
1485 []
1711 []
1931 [3, 3]
1949 [3, 4, 4, 1, 1, 2]
1953 [3]
1954 [1, 1]
1955 [1]
1956 [1, 1, 1]
1959 []
1960 []
1961 []
1982 [3, 3]
1983 [3, 1, 1, 2]
1991 []
2001 []
2032 []
2106 []
2193 [0, 1, 1]
2226 []
2248 []
2354 []
2372 []
2423 []
2467 [0, 2, 2, 2]
2608 []
2626 []
2651 []
2784 [4, 4, 4]
2861 [4]
2966 []
3044 []
3088 []
3118 []
3136 []
3145 []
3281 []
3382 []
3389 [0, 1]
3428 [4, 4, 4, 0, 0, 0]
3603 []
3735 [1]
3752 []
3759 [1, 1, 1]
3779 []
3784 [3]
3825 [2]
3845 []
3857 []
3858 []
3870 []
3889 []
3890 []
3896 []
3898 []
3928 []
3932 []
4030 []
4055 [4, 3, 0]
4102 []
4176 [3, 3, 3, 0, 0, 0]
4244 []
4281 []
4283 [4, 4, 4, 4]
4298 []
4303 [2, 1, 1]
4327 []
4331 [2]
4458 []
4490 []
4604 []
4606 []
4646 []
4747 [0, 0, 0, 0]
4920 [2, 3, 3, 2, 2, 4, 4, 4, 4, 0, 0]
4932 []
4972 []
4985 []
4992 []
5008 []
5087 []
5117 [1, 1, 3, 0, 0, 0, 3, 2]
5134 [4, 4, 0, 0, 0, 2, 2, 2]
5210 []
5279 []
5289 []
5306 []
5377 []
5409 []
5486 []
5506 []
5511 [1]
5518 [3]
5534 []

 ONE_HIT: 0.3247863247863248