5 []
15 []
17 []
18 []
25 []
35 [3, 4]
60 []
64 []
67 []
89 []
103 [7, 6]
105 []
124 []
130 []
176 []
195 []
302 []
376 []
382 []
414 []
437 [9, 5, 6, 1]
443 []
448 []
483 []
488 []
511 []
571 []
689 [2]
690 []
702 []
713 []
749 []
762 []
786 []
791 []
799 []
843 []
847 []
912 [0]
916 []
935 [6, 7, 0, 9, 2, 5]
1002 []
1190 [5, 0, 2, 9]
1225 []
1284 []
1331 []
1335 []
1352 []
1485 []
1551 []
1711 [7]
1733 []
1736 []
1752 []
1822 []
1922 []
1929 []
1931 [3]
1949 [3, 9, 1, 2]
1953 [3]
1954 [1]
1955 [1]
1956 [1]
1959 [7]
1960 [5]
1961 []
1982 [3]
1983 [3, 2]
1991 []
1996 []
2001 []
2032 []
2106 [5]
2129 []
2133 []
2178 []
2193 [0]
2197 []
2215 []
2216 []
2226 [5]
2243 []
2248 []
2305 []
2324 []
2338 [0, 5, 8]
2354 []
2357 []
2372 []
2373 []
2388 []
2423 []
2424 []
2467 [0, 2]
2573 []
2576 []
2608 [9, 6]
2626 []
2647 []
2651 []
2674 [6, 4]
2720 [2]
2729 []
2739 []
2784 [4]
2804 []
2805 []
2818 []
2832 []
2834 []
2851 []
2857 []
2861 [9]
2883 []
2888 []
2897 []
2904 []
2906 []
2912 []
2916 []
2921 []
2959 []
2966 []
3044 []
3088 [7]
3118 []
3134 [5]
3136 []
3145 []
3162 []
3180 [4]
3227 []
3263 []
3281 []
3382 []
3389 [1]
3392 []
3428 [7, 9, 4]
3452 []
3478 []
3501 []
3603 []
3604 [1]
3609 []
3610 []
3627 []
3710 [6]
3717 []
3723 [8]
3735 [1]
3738 []
3751 []
3752 []
3754 []
3759 []
3764 [7]
3774 []
3778 []
3779 []
3784 []
3801 [1]
3802 []
3809 []
3820 []
3825 [2]
3830 []
3833 []
3835 []
3837 []
3839 []
3845 []
3853 []
3857 []
3858 []
3860 []
3870 []
3881 []
3888 []
3889 []
3890 [6]
3893 [5]
3895 []
3896 [6]
3898 []
3924 []
3928 []
3932 []
3936 []
3954 []
3964 [4]
3974 [6]
3994 []
4004 [8, 2, 9]
4011 []
4030 []
4037 []
4038 []
4044 []
4049 []
4050 [8, 6]
4055 [4, 3, 0]
4061 []
4063 []
4079 []
4094 []
4101 []
4102 []
4127 []
4129 []
4139 []
4149 []
4159 [7]
4176 [0]
4179 []
4197 []
4224 [8, 4]
4244 []
4255 []
4260 []
4271 []
4281 []
4283 []
4295 []
4298 [6]
4299 []
4303 [6, 9, 1]
4323 []
4327 []
4331 [7]
4334 []
4338 []
4372 []
4374 [2]
4375 []
4378 []
4379 []
4380 []
4398 []
4458 []
4463 []
4469 []
4472 []
4475 []
4490 []
4510 [6]
4520 []
4521 []
4524 []
4552 []
4568 [7]
4570 []
4571 []
4604 []
4606 []
4607 [4]
4611 []
4646 [6]
4658 []
4681 []
4706 []
4711 []
4739 []
4747 [0]
4763 []
4791 []
4795 []
4798 [8]
4896 []
4897 []
4905 []
4918 []
4920 [3, 5, 2, 4, 0]
4927 []
4931 [0]
4932 []
4944 []
4970 []
4972 []
4985 []
4991 []
4992 []
5001 []
5008 []
5009 []
5013 []
5014 []
5015 [0, 9]
5017 []
5023 []
5038 []
5060 []
5072 []
5087 []
5095 []
5097 []
5117 [1, 7, 0, 3, 2, 5]
5118 []
5134 [4, 0, 2]
5135 [3]
5139 [0]
5144 []
5165 []
5168 []
5182 []
5191 []
5194 []
5210 []
5221 [0]
5232 []
5234 []
5252 []
5279 []
5289 []
5293 []
5306 []
5310 [7]
5363 [3]
5377 []
5379 []
5409 [6]
5413 []
5415 []
5444 []
5447 []
5474 []
5486 []
5500 []
5506 [9]
5508 []
5509 [4]
5511 []
5518 [3]
5519 []
5520 []
5525 []
5534 []
5535 []
5537 []
5547 []
5555 []
5556 []
5564 []
5565 []
5588 []
5594 []
5597 []
5600 []
5603 []
5604 []
5634 [0]
5642 []
5643 []
5645 []
5646 []
5647 []
5650 []
5651 []
5653 []
5655 []
5660 []
5686 []
5689 [0]
5697 []
5706 []
5709 []
5717 []
5724 []
5727 []
5728 []
5731 []
5737 []
5738 []
5740 []
5744 []
5751 []
5761 []
5762 []
5771 []
5773 []
5774 []
5782 []
5794 []
5842 []
5863 []
5889 []
5893 [1]
5898 []
5905 []

 ONE_HIT: 0.20103092783505155