5 []
15 []
17 []
18 []
25 []
35 [2]
60 []
64 []
89 []
103 [7, 8, 6]
105 []
124 []
130 []
176 []
302 []
376 [4]
382 []
414 [8]
437 [9, 4, 3, 7, 8, 2]
443 []
488 []
571 []
689 [4]
702 []
713 []
786 []
847 []
912 []
916 []
935 [3, 2, 8, 9, 0]
1002 []
1190 [5, 1, 0]
1335 []
1352 []
1485 []
1551 []
1711 []
1733 []
1922 []
1929 [9]
1931 [3]
1949 [3, 0, 4]
1953 []
1954 [2]
1955 []
1956 [1]
1959 []
1960 []
1961 []
1982 [1]
1983 [1, 2]
1991 []
1996 []
2001 []
2032 []
2106 []
2133 []
2193 []
2197 []
2215 []
2226 []
2248 []
2354 [7]
2357 []
2372 []
2423 []
2467 []
2573 []
2576 []
2608 [4]
2626 []
2651 []
2674 [9, 7, 1]
2729 []
2784 []
2804 []
2805 [8]
2832 []
2861 [3]
2959 []
2966 []
3044 [6]
3088 []
3118 []
3136 []
3145 []
3162 []
3227 []
3281 []
3382 []
3389 []
3428 [0, 4, 5, 9, 6, 8]
3452 []
3478 []
3603 []
3609 []
3710 [3, 2]
3717 [8]
3723 []
3735 [1]
3752 []
3754 []
3759 []
3779 []
3784 [1]
3802 []
3820 []
3825 []
3830 [9]
3839 []
3845 []
3853 []
3857 []
3858 []
3860 []
3870 []
3889 []
3890 [8, 5, 1]
3893 []
3895 []
3896 []
3898 []
3928 []
3932 []
3936 []
3954 [7]
3964 []
3974 [5]
4004 [5]
4011 []
4030 [2]
4037 []
4049 []
4050 [4]
4055 [5, 1]
4079 []
4094 []
4102 []
4149 []
4176 [9]
4244 []
4260 [5]
4271 []
4281 []
4283 []
4298 [1]
4303 [9]
4327 [1]
4331 [7]
4458 []
4463 []
4490 []
4520 []
4568 []
4604 []
4606 []
4646 [3]
4706 []
4711 []
4747 [5]
4763 []
4798 []
4920 [0, 9, 2, 1, 8]
4931 []
4932 []
4972 []
4985 []
4991 []
4992 []
5008 []
5009 []
5015 [0]
5017 []
5023 []
5087 []
5095 [9, 4]
5117 [9, 7, 4, 0]
5134 [3, 4, 9]
5135 []
5139 []
5191 []
5210 []
5221 []
5234 []
5279 []
5289 []
5306 [8, 0]
5310 [8]
5363 [9, 5]
5377 []
5409 []
5444 []
5474 []
5486 []
5506 []
5511 [8]
5518 []
5534 []
5588 []
5634 []
5651 []
5686 []
5737 []
5744 []
5751 []
5773 []
5794 []
5889 [1]

 ONE_HIT: 0.25