5 []
15 []
17 []
18 []
35 []
60 []
64 []
89 []
103 [4, 0]
105 []
124 []
130 []
376 []
382 []
414 []
437 [1]
443 []
571 []
689 []
702 []
912 [0, 4]
916 []
935 [2, 1, 3, 0, 4]
1002 [2]
1190 [1, 4, 2]
1352 []
1485 []
1711 [2, 4, 3]
1929 []
1931 []
1949 [1, 2]
1953 []
1954 []
1955 []
1956 []
1959 []
1960 []
1961 []
1982 []
1983 []
1991 []
2001 []
2032 []
2106 [1]
2193 []
2226 [2]
2248 []
2354 [4]
2372 []
2423 []
2467 [2]
2608 [0]
2626 []
2651 []
2784 []
2861 []
2966 [0]
3044 []
3088 [0]
3118 []
3136 []
3145 []
3227 []
3281 []
3382 []
3389 []
3428 [0, 2, 1, 3]
3603 []
3723 []
3735 [4]
3752 [4]
3759 []
3779 []
3784 [1]
3825 []
3845 []
3857 []
3858 []
3870 []
3889 []
3890 []
3895 []
3896 []
3898 []
3928 []
3932 [3]
3974 [3]
4011 []
4030 []
4050 [3]
4055 [1, 0, 4]
4102 []
4176 [3]
4244 []
4281 [0]
4283 []
4298 [4, 3]
4303 [3, 0]
4327 []
4331 []
4458 []
4490 []
4604 []
4606 [2]
4646 []
4747 [0]
4920 [1, 3, 2]
4932 []
4972 []
4985 []
4992 []
5008 []
5023 []
5087 []
5095 []
5117 [4]
5134 [1]
5135 []
5210 []
5279 []
5289 []
5306 []
5363 [4]
5377 []
5409 []
5486 []
5506 []
5511 []
5518 []
5534 []
5634 []
5794 []

 ONE_HIT: 0.25