5 []
9 []
15 []
17 []
18 []
25 []
35 [3, 4]
54 []
60 []
62 []
64 []
67 []
89 []
103 [7, 6]
105 []
124 []
130 []
176 []
195 []
206 []
254 []
302 []
376 []
377 []
382 []
414 []
437 [9, 5, 6, 1]
443 []
448 []
483 []
488 []
511 []
562 []
571 []
595 []
604 []
605 []
623 []
655 []
676 []
686 []
689 [2]
695 []
702 []
713 []
786 []
843 []
847 []
912 [0]
916 []
919 []
935 [6, 7, 0, 9, 2, 5]
1002 []
1134 []
1190 [5, 0, 2, 9]
1225 []
1230 []
1307 []
1317 []
1335 []
1352 []
1485 []
1551 []
1659 []
1681 []
1711 [7]
1733 []
1736 []
1826 []
1922 []
1929 []
1931 [3]
1949 [3, 9, 1, 2]
1953 [3]
1954 [1]
1955 [1]
1956 [1]
1959 [7]
1960 [5]
1961 []
1963 []
1981 []
1982 [3]
1983 [3, 2]
1991 []
1995 []
1996 []
2001 []
2004 []
2032 []
2040 []
2106 [5]
2129 []
2133 []
2145 []
2187 []
2193 [0]
2197 []
2215 []
2226 [5]
2243 []
2248 []
2305 []
2324 []
2354 []
2357 []
2372 []
2373 []
2388 []
2423 []
2424 []
2467 [0, 2]
2538 []
2573 []
2576 []
2608 [9, 6]
2626 []
2640 []
2651 []
2674 [6, 4]
2729 []
2739 []
2742 []
2784 [4]
2804 []
2805 []
2813 []
2818 []
2832 []
2861 [9]
2888 []
2906 []
2957 []
2959 []
2966 []
3007 []
3044 []
3088 [7]
3096 []
3097 []
3118 []
3123 []
3136 []
3145 []
3162 []
3164 []
3170 []
3185 []
3227 []
3280 []
3281 []
3378 []
3382 []
3389 [1]
3392 []
3415 []
3427 []
3428 [7, 9, 4]
3433 []
3452 []
3478 []
3501 []
3603 []
3609 []
3613 []
3663 []
3710 [6]
3717 []
3723 [8]
3724 []
3735 [1]
3752 []
3754 []
3759 []
3778 []
3779 []
3784 []
3787 []
3802 []
3820 []
3825 [2]
3830 []
3832 []
3839 []
3842 []
3845 []
3853 []
3857 []
3858 []
3860 []
3870 []
3881 []
3889 []
3890 [6]
3893 [5]
3895 []
3896 [6]
3898 []
3928 []
3932 []
3936 []
3954 []
3964 [4]
3967 [1]
3974 [6]
3994 []
4004 [8, 2, 9]
4006 []
4011 []
4017 []
4030 []
4037 []
4049 []
4050 [8, 6]
4053 []
4055 [4, 3, 0]
4070 []
4079 []
4094 []
4101 []
4102 []
4141 []
4144 []
4147 []
4149 []
4153 []
4154 []
4156 []
4157 []
4169 []
4172 []
4176 [0]
4179 []
4244 []
4260 []
4271 []
4280 []
4281 []
4283 []
4298 [6]
4303 [6, 9, 1]
4323 []
4327 []
4331 [7]
4398 []
4415 []
4436 []
4458 []
4463 []
4478 []
4483 []
4490 []
4497 []
4510 [6]
4512 []
4520 []
4521 []
4568 [7]
4594 []
4599 []
4604 []
4606 []
4611 []
4646 [6]
4706 []
4711 []
4739 []
4747 [0]
4757 []
4759 []
4763 []
4765 []
4767 []
4770 []
4776 []
4798 [8]
4799 []
4818 []
4883 []
4905 []
4920 [3, 5, 2, 4, 0]
4931 [0]
4932 []
4969 []
4972 []
4985 []
4991 []
4992 []
5001 []
5008 []
5009 []
5013 []
5015 [0, 9]
5017 []
5023 []
5056 []
5060 []
5062 []
5070 []
5072 []
5084 []
5087 []
5095 []
5099 []
5100 []
5117 [1, 7, 0, 3, 2, 5]
5134 [4, 0, 2]
5135 [3]
5139 [0]
5154 []
5165 []
5171 []
5191 []
5210 []
5211 []
5221 [0]
5222 []
5234 []
5250 []
5279 []
5280 []
5288 []
5289 []
5296 []
5306 []
5310 [7]
5331 []
5363 [3]
5377 []
5379 []
5409 [6]
5444 []
5474 []
5476 []
5486 []
5506 [9]
5511 []
5518 [3]
5519 []
5520 []
5534 []
5535 []
5537 []
5549 []
5588 []
5614 []
5634 [0]
5645 []
5651 []
5652 []
5686 []
5737 []
5744 []
5751 []
5773 []
5794 []
5889 []

 ONE_HIT: 0.18207282913165265