5 []
9 []
15 []
17 []
18 []
25 []
35 []
54 []
60 []
62 []
64 []
67 []
89 []
103 []
105 []
124 [0, 0, 0]
130 []
176 []
195 []
206 []
254 []
302 []
376 []
382 []
414 []
437 [1]
443 []
448 []
483 []
488 []
511 []
562 []
571 []
686 []
689 [2]
695 []
702 []
713 []
847 []
912 [0]
916 []
935 [0, 0, 2]
1002 []
1190 [0, 0, 0, 2, 2]
1225 []
1230 []
1307 []
1317 []
1335 []
1352 []
1485 []
1551 []
1659 []
1681 []
1711 []
1826 []
1922 []
1929 []
1931 []
1949 [1, 1, 2]
1953 []
1954 [1, 1]
1955 [1]
1956 [1, 1, 1]
1959 []
1960 []
1961 []
1963 []
1981 []
1982 []
1983 [1, 1, 2]
1991 []
1995 []
1996 []
2001 []
2004 []
2032 []
2040 []
2106 []
2129 []
2133 []
2187 []
2193 [0, 1, 1]
2197 []
2226 []
2243 []
2248 []
2305 []
2324 []
2354 []
2372 []
2373 []
2388 []
2423 []
2467 [0, 2, 2, 2]
2573 []
2576 []
2608 []
2626 []
2640 []
2651 []
2729 []
2739 []
2742 []
2784 []
2804 []
2813 []
2861 []
2888 []
2906 []
2957 []
2959 []
2966 []
3044 []
3088 []
3097 []
3118 []
3136 []
3145 []
3164 []
3170 []
3227 []
3281 []
3378 []
3382 []
3389 [0, 1]
3392 []
3415 []
3427 []
3428 [0, 0, 0]
3478 []
3501 []
3603 []
3609 []
3613 []
3663 []
3723 []
3724 []
3735 [1]
3752 []
3759 [1, 1, 1]
3778 []
3779 []
3784 []
3787 []
3825 [2]
3830 []
3842 []
3845 []
3853 []
3857 []
3858 []
3870 []
3889 []
3890 []
3893 []
3895 []
3896 []
3898 []
3928 []
3932 []
3936 []
3974 []
3994 []
4011 []
4017 []
4030 []
4050 []
4055 [0]
4070 []
4101 []
4102 []
4141 []
4144 []
4147 []
4149 []
4156 []
4157 []
4169 []
4172 []
4176 [0, 0, 0]
4179 []
4244 []
4271 []
4280 []
4281 []
4283 []
4298 []
4303 [2, 1, 1]
4323 []
4327 []
4331 [2]
4398 []
4458 []
4463 []
4490 []
4497 []
4599 []
4604 []
4606 []
4611 []
4646 []
4706 []
4711 []
4739 []
4747 [0, 0, 0, 0]
4757 []
4763 []
4799 []
4883 []
4920 [2, 2, 2, 0, 0]
4932 []
4972 []
4985 []
4992 []
5001 []
5008 []
5023 []
5056 []
5060 []
5062 []
5070 []
5072 []
5084 []
5087 []
5095 []
5099 []
5100 []
5117 [1, 1, 0, 0, 0, 2]
5134 [0, 0, 0, 2, 2, 2]
5135 []
5154 []
5210 []
5221 [0]
5222 []
5250 []
5279 []
5280 []
5289 []
5306 []
5310 []
5331 []
5363 []
5377 []
5379 []
5409 []
5474 []
5476 []
5486 []
5506 []
5511 [1]
5518 []
5519 []
5520 []
5534 []
5537 []
5549 []
5614 []
5634 [0, 0, 0, 0]
5686 []
5744 []
5794 []

 ONE_HIT: 0.11068702290076336