5 []
9 []
15 []
17 []
18 []
25 []
35 [8, 9]
54 []
60 []
62 [4]
64 [6]
67 []
89 []
103 [4, 0]
105 []
124 [9]
130 []
176 []
195 []
206 []
254 []
302 []
376 []
382 [7]
414 [8]
437 [5, 1, 7, 6]
443 []
448 [2]
483 []
488 []
511 []
562 []
571 []
686 []
689 []
695 []
702 []
713 []
847 []
912 [0, 4, 7]
916 []
935 [2, 6, 1, 3, 0, 4]
1002 [2]
1190 [7, 1, 4, 2]
1225 []
1230 []
1307 []
1317 []
1335 []
1352 []
1485 []
1551 []
1659 []
1681 []
1711 [2, 4, 3]
1826 []
1922 []
1929 []
1931 []
1949 [1, 2]
1953 [7]
1954 []
1955 [9]
1956 [7]
1959 []
1960 [7]
1961 []
1963 []
1981 []
1982 []
1983 [6]
1991 []
1995 []
1996 []
2001 []
2004 []
2032 []
2040 []
2106 [1]
2129 []
2133 []
2187 []
2193 []
2197 []
2226 [2]
2243 []
2248 []
2305 []
2324 [1]
2354 [4]
2372 []
2373 []
2388 []
2423 []
2467 [2]
2573 []
2576 [1]
2608 [0]
2626 []
2640 []
2651 []
2729 []
2739 []
2742 [4]
2784 []
2804 []
2813 []
2861 []
2888 []
2906 [0]
2957 []
2959 []
2966 [0]
3044 []
3088 [0]
3097 []
3118 []
3136 []
3145 []
3164 []
3170 []
3227 []
3281 [8]
3378 []
3382 []
3389 []
3392 []
3415 []
3427 []
3428 [0, 7, 9, 2, 1, 3]
3478 []
3501 [7]
3603 [5]
3609 []
3613 []
3663 []
3723 []
3724 []
3735 [8, 4]
3752 [4]
3759 []
3778 []
3779 []
3784 [8, 1, 6]
3787 []
3825 []
3830 []
3842 []
3845 []
3853 []
3857 []
3858 [6]
3870 []
3889 []
3890 [8]
3893 []
3895 []
3896 []
3898 []
3928 []
3932 [3]
3936 []
3974 [3]
3994 []
4011 []
4017 []
4030 []
4050 [7, 3]
4055 [9, 1, 7, 0, 8, 5, 4, 6]
4070 []
4101 []
4102 []
4141 []
4144 []
4147 []
4149 []
4156 []
4157 []
4169 []
4172 []
4176 [3]
4179 []
4244 []
4271 []
4280 []
4281 [0]
4283 []
4298 [4, 9, 3]
4303 [3, 9, 0]
4323 []
4327 [6]
4331 []
4398 []
4458 []
4463 []
4490 []
4497 []
4599 []
4604 []
4606 [2]
4611 []
4646 [9]
4706 []
4711 [6]
4739 []
4747 [0, 5]
4757 []
4763 []
4799 []
4883 []
4920 [5, 6, 8, 1, 3, 2]
4932 []
4972 []
4985 []
4992 []
5001 []
5008 []
5023 []
5056 []
5060 []
5062 []
5070 []
5072 []
5084 []
5087 []
5095 []
5099 []
5100 []
5117 [7, 4]
5134 [6, 8, 1]
5135 []
5154 []
5210 [7]
5221 []
5222 []
5250 []
5279 []
5280 []
5289 []
5306 []
5310 []
5331 []
5363 [4]
5377 []
5379 []
5409 []
5474 []
5476 []
5486 []
5506 []
5511 []
5518 []
5519 []
5520 []
5534 []
5537 []
5549 []
5614 []
5634 []
5686 []
5744 []
5794 [8]

 ONE_HIT: 0.22519083969465647