5 []
15 []
17 []
18 []
25 []
35 [2]
60 []
64 []
89 []
103 []
105 []
124 []
130 []
176 []
302 []
376 []
382 []
414 []
437 [2]
443 []
488 []
571 []
689 []
702 []
713 []
749 []
786 []
791 []
847 []
912 []
916 []
935 [2, 0]
1002 []
1190 [1, 0]
1331 []
1335 []
1352 []
1485 []
1551 []
1711 []
1733 []
1922 []
1929 []
1931 []
1949 [0]
1953 []
1954 [2]
1955 []
1956 [1]
1959 []
1960 []
1961 []
1982 [1]
1983 [1, 2]
1991 []
1996 []
2001 []
2032 []
2106 []
2133 []
2193 []
2197 []
2215 []
2226 []
2248 []
2354 []
2357 []
2372 []
2423 []
2467 []
2573 []
2576 []
2608 []
2626 []
2651 []
2674 [1]
2720 []
2729 []
2784 []
2804 []
2805 []
2832 []
2857 []
2861 [1]
2959 []
2966 []
3044 []
3088 []
3118 []
3136 []
3145 []
3162 []
3227 []
3281 []
3382 []
3389 []
3428 [0]
3452 []
3478 []
3603 []
3609 []
3710 [2]
3717 []
3723 []
3735 [1]
3751 []
3752 []
3754 []
3759 []
3774 []
3779 []
3784 [1]
3802 []
3820 []
3825 []
3830 []
3839 []
3845 []
3853 []
3857 []
3858 []
3860 []
3870 []
3889 []
3890 [1]
3893 []
3895 []
3896 []
3898 []
3928 []
3932 []
3936 []
3954 []
3964 []
3974 []
4004 []
4011 []
4030 [2]
4037 []
4038 []
4044 []
4049 []
4050 []
4055 [1]
4061 []
4063 []
4079 []
4094 []
4102 []
4149 []
4159 []
4176 []
4224 []
4244 []
4260 []
4271 []
4281 []
4283 []
4298 [1]
4303 []
4327 [1]
4331 []
4338 []
4374 []
4458 []
4463 []
4469 []
4490 []
4520 []
4568 []
4571 []
4604 []
4606 []
4607 []
4646 []
4706 []
4711 []
4747 []
4763 []
4798 []
4897 []
4920 [0, 2, 1]
4927 []
4931 []
4932 []
4944 []
4972 []
4985 []
4991 []
4992 []
5008 []
5009 []
5014 []
5015 [0]
5017 []
5023 []
5087 []
5095 []
5097 []
5117 [0]
5134 []
5135 []
5139 []
5144 []
5191 []
5194 []
5210 []
5221 []
5234 []
5279 []
5289 []
5306 [0]
5310 []
5363 []
5377 []
5409 []
5444 []
5474 []
5486 []
5500 []
5506 []
5511 []
5518 []
5534 []
5564 []
5588 []
5604 []
5634 []
5651 []
5653 []
5686 []
5689 []
5731 []
5737 []
5744 []
5751 []
5773 []
5794 []
5889 [1]

 ONE_HIT: 0.10460251046025104