5 []
15 []
17 []
18 []
35 [2, 2]
60 []
64 []
89 []
103 []
105 []
124 []
130 []
376 []
382 []
414 []
437 [2]
443 []
571 []
689 []
702 []
749 []
791 []
912 []
916 []
935 [2, 2, 0]
1002 []
1190 [1, 1, 1, 0, 0]
1331 []
1352 []
1485 []
1711 []
1929 []
1931 []
1949 [0, 0]
1953 []
1954 [2, 2]
1955 []
1956 [1, 1, 1]
1959 []
1960 []
1961 []
1982 [1, 1]
1983 [1, 2]
1991 []
2001 []
2032 []
2106 [0]
2193 []
2215 []
2226 []
2248 []
2354 []
2372 []
2423 [0, 0, 0]
2467 []
2608 []
2626 []
2651 []
2674 [1]
2784 []
2832 []
2857 []
2861 [1]
2966 []
3044 []
3088 []
3118 []
3136 []
3145 []
3227 []
3281 []
3382 []
3389 []
3428 [0, 0]
3452 []
3603 []
3710 [2, 2, 2]
3717 []
3723 []
3735 [1]
3751 []
3752 []
3754 []
3759 []
3779 []
3784 [1]
3825 []
3839 []
3845 []
3857 []
3858 []
3870 []
3889 []
3890 [1]
3895 []
3896 []
3898 []
3928 []
3932 []
3954 []
3964 []
3974 []
4004 []
4011 []
4030 [2, 2, 2, 2]
4037 []
4044 []
4050 []
4055 [1]
4061 [0]
4063 []
4094 []
4102 []
4159 []
4176 []
4224 []
4244 [0]
4260 []
4281 []
4283 []
4298 [1, 1, 1, 1]
4303 []
4327 [1, 1, 1]
4331 [0]
4374 []
4458 []
4469 []
4490 []
4568 []
4571 []
4604 []
4606 []
4607 []
4646 []
4747 []
4798 []
4897 []
4920 [0, 0, 2, 2, 2, 2, 1, 1]
4927 []
4931 []
4932 []
4944 []
4972 []
4985 []
4991 []
4992 []
5008 []
5009 []
5015 [0, 0]
5023 []
5087 []
5095 []
5097 []
5117 [0, 0, 0]
5134 []
5135 []
5139 []
5191 []
5210 []
5234 []
5279 [1, 1]
5289 []
5306 [0]
5363 []
5377 []
5409 []
5486 []
5506 []
5511 [1]
5518 []
5534 []
5564 [2]
5588 []
5634 []
5651 []
5689 []
5794 []

 ONE_HIT: 0.1807909604519774