5 []
15 []
17 []
18 []
35 [3, 4]
60 []
64 []
89 []
103 [7, 6]
105 []
124 []
130 []
382 []
414 []
437 [9, 5, 6, 1]
443 []
571 []
689 [2]
702 []
912 [0]
935 [6, 7, 0, 9, 2, 5]
1002 []
1190 [5, 0, 2, 9]
1352 []
1485 []
1711 [7]
1931 [3]
1949 [3, 9, 1, 2]
1953 [3]
1954 [1]
1955 [1]
1956 [1]
1959 [7]
1960 [5]
1961 []
1982 [3]
1983 [3, 2]
1991 []
2001 []
2032 []
2106 [5]
2193 [0]
2226 [5]
2248 []
2354 []
2372 []
2423 []
2467 [0, 2]
2608 [9, 6]
2626 []
2651 []
2784 [4]
2861 [9]
2966 []
3044 []
3088 [7]
3118 []
3136 []
3145 []
3281 []
3382 []
3389 [1]
3428 [7, 9, 4]
3603 []
3735 [1]
3752 []
3759 []
3779 []
3784 []
3825 [2]
3845 []
3857 []
3858 []
3870 []
3889 []
3890 [6]
3896 [6]
3898 []
3928 []
3932 []
4030 []
4055 [4, 3, 0]
4102 []
4176 [0]
4244 []
4281 []
4283 []
4298 [6]
4303 [6, 9, 1]
4327 []
4331 [7]
4458 []
4490 []
4604 []
4606 []
4646 [6]
4747 [0]
4920 [3, 5, 2, 4, 0]
4932 []
4972 []
4985 []
4992 []
5008 []
5087 []
5117 [1, 7, 0, 3, 2, 5]
5134 [4, 0, 2]
5210 []
5279 []
5289 []
5306 []
5377 []
5409 [6]
5486 []
5506 [9]
5511 []
5518 [3]
5534 []

 ONE_HIT: 0.38461538461538464