5 []
15 []
17 []
18 []
25 []
35 [2, 2]
60 [9]
64 []
67 []
89 []
103 [7, 7, 8, 6, 6]
105 []
124 [3]
130 []
176 []
195 []
302 []
376 [8, 8, 4, 4]
382 []
414 [8, 8]
437 [9, 9, 9, 4, 4, 3, 3, 7, 7, 8, 2]
443 [9, 9]
448 []
483 []
488 []
511 []
571 []
689 [4]
690 [2, 2]
702 []
713 []
749 []
762 [6]
786 []
791 []
799 []
843 []
847 []
912 []
916 []
935 [3, 2, 2, 8, 8, 9, 0]
1002 [8, 6]
1190 [5, 5, 5, 5, 5, 1, 1, 1, 0, 0, 3, 3, 3, 3, 3, 8]
1225 []
1284 []
1331 [6]
1335 []
1352 []
1485 []
1551 []
1711 []
1733 []
1736 []
1752 []
1822 []
1922 []
1929 [9]
1931 [3, 3]
1949 [3, 0, 0, 6, 4]
1953 []
1954 [2, 2]
1955 []
1956 [1, 1, 1]
1959 []
1960 []
1961 []
1982 [1, 1]
1983 [1, 4, 4, 6, 6, 2]
1991 []
1996 []
2001 []
2032 []
2106 [0]
2129 []
2133 []
2178 []
2193 []
2197 []
2215 []
2216 []
2226 []
2243 []
2248 []
2305 []
2324 []
2338 [0, 0, 4, 4, 5, 5, 6, 9, 9]
2354 [7, 7]
2357 []
2372 []
2373 []
2388 []
2423 [0, 0, 0]
2424 []
2467 []
2573 []
2576 []
2608 [4, 4, 4, 4, 4]
2626 []
2647 []
2651 []
2674 [9, 9, 9, 9, 7, 7, 7, 1]
2720 []
2729 []
2739 []
2784 []
2804 []
2805 [8]
2818 [9, 9, 9]
2832 []
2834 [1, 1, 3]
2851 []
2857 []
2861 [3]
2883 []
2888 []
2897 []
2904 []
2906 [3, 3]
2912 []
2916 []
2921 [7, 7]
2959 []
2966 []
3044 [4, 4, 4, 6, 6]
3088 []
3118 []
3134 []
3136 []
3145 []
3162 []
3180 [6, 6, 6, 8]
3227 []
3263 []
3281 []
3382 []
3389 [8]
3392 []
3428 [0, 0, 4, 6, 5, 9, 9, 9, 6, 6, 8]
3452 []
3478 []
3501 []
3603 []
3604 []
3609 []
3610 []
3627 []
3710 [3, 3, 3, 2, 2, 2, 6]
3717 [8, 8, 8]
3723 []
3735 [1]
3738 []
3751 []
3752 []
3754 []
3759 [9]
3764 []
3774 []
3778 []
3779 []
3784 [7, 1]
3801 [4, 4, 0, 0]
3802 [4]
3809 []
3820 []
3825 []
3830 [9, 9]
3833 []
3835 []
3837 []
3839 []
3845 []
3853 []
3857 []
3858 []
3860 []
3870 []
3881 []
3888 []
3889 []
3890 [8, 5, 1]
3893 []
3895 []
3896 []
3898 []
3924 []
3928 []
3932 []
3936 []
3954 [7]
3964 []
3974 [5]
3994 []
4004 [5, 5, 3]
4011 []
4030 [2, 2, 2, 2]
4037 []
4038 [1]
4044 []
4049 []
4050 [4]
4055 [5, 5, 5, 5, 5, 5, 5, 1]
4061 [0]
4063 []
4079 [8, 8]
4094 []
4101 []
4102 []
4127 []
4129 [0]
4139 []
4149 []
4159 []
4176 [9, 9, 9]
4179 []
4197 []
4224 [7, 7]
4244 [0]
4255 []
4260 [4, 5, 5, 5]
4271 []
4281 []
4283 []
4295 []
4298 [8, 8, 3, 1, 1, 1, 1]
4299 []
4303 [3, 9, 9]
4323 []
4327 [1, 1, 1]
4331 [7, 0]
4334 []
4338 []
4372 []
4374 []
4375 []
4378 []
4379 []
4380 []
4398 []
4458 []
4463 []
4469 []
4472 []
4475 [0]
4490 []
4510 [8]
4520 []
4521 []
4524 []
4552 []
4568 []
4570 []
4571 []
4604 []
4606 []
4607 [7, 7, 7, 9, 9]
4611 []
4646 [3, 3]
4658 []
4681 []
4706 []
4711 []
4739 []
4747 [5, 5]
4763 []
4791 []
4795 []
4798 []
4896 []
4897 [4, 4]
4905 []
4918 []
4920 [9, 0, 0, 7, 7, 9, 9, 2, 2, 2, 2, 3, 5, 5, 1, 1, 8]
4927 [5]
4931 []
4932 []
4944 [5]
4970 []
4972 []
4985 []
4991 []
4992 []
5001 []
5008 []
5009 []
5013 []
5014 []
5015 [0, 0]
5017 []
5023 []
5038 []
5060 []
5072 []
5087 []
5095 [9, 4]
5097 []
5117 [7, 9, 9, 9, 7, 4, 0, 0, 0]
5118 []
5134 [3, 3, 4, 4, 4, 9, 9, 9]
5135 []
5139 []
5144 []
5165 []
5168 [4, 4]
5182 []
5191 []
5194 []
5210 []
5221 []
5232 []
5234 []
5252 []
5279 [1, 1]
5289 []
5293 []
5306 [8, 0]
5310 [8, 8, 8, 8]
5363 [9, 5]
5377 []
5379 []
5409 []
5413 []
5415 []
5444 []
5447 []
5474 []
5486 []
5500 []
5506 []
5508 []
5509 []
5511 [1, 8]
5518 []
5519 []
5520 []
5525 []
5534 []
5535 []
5537 []
5547 []
5555 [7, 7, 7]
5556 []
5564 [2]
5565 []
5588 []
5594 []
5597 []
5600 []
5603 []
5604 []
5634 []
5642 []
5643 []
5645 []
5646 []
5647 []
5650 []
5651 []
5653 []
5655 []
5660 []
5686 []
5689 []
5697 []
5706 []
5709 []
5717 [6, 6]
5724 []
5727 []
5728 []
5731 []
5737 []
5738 []
5740 []
5744 []
5751 []
5761 []
5762 []
5771 [1, 1, 1]
5773 []
5774 []
5782 []
5794 []
5842 []
5863 []
5889 [1, 1]
5893 []
5898 [8, 8]
5905 []

 ONE_HIT: 0.23195876288659795