5 []
15 []
17 []
18 []
35 [2]
60 []
64 []
89 []
103 []
105 []
124 []
130 []
376 []
382 []
414 []
437 [2]
443 []
571 []
689 []
702 []
749 []
791 []
912 []
916 []
935 [2, 0]
1002 []
1190 [1, 0]
1331 []
1352 []
1485 []
1711 []
1752 []
1929 []
1931 []
1949 [0]
1953 []
1954 [2]
1955 []
1956 [1]
1959 []
1960 []
1961 []
1982 [1]
1983 [1, 2]
1991 []
2001 []
2032 []
2106 []
2193 []
2215 []
2226 []
2248 []
2338 [0]
2354 []
2372 []
2423 []
2467 []
2608 []
2626 []
2651 []
2674 [1]
2784 []
2832 []
2851 []
2857 []
2861 [1]
2883 []
2897 []
2912 []
2916 []
2921 []
2966 []
3044 []
3088 []
3118 []
3136 []
3145 []
3180 []
3227 []
3263 []
3281 []
3382 []
3389 []
3428 [0]
3452 []
3603 []
3710 [2]
3717 []
3723 []
3735 [1]
3751 []
3752 []
3754 []
3759 []
3779 []
3784 [1]
3801 [0]
3825 []
3837 []
3839 []
3845 []
3857 []
3858 []
3870 []
3889 []
3890 [1]
3895 []
3896 []
3898 []
3928 []
3932 []
3954 []
3964 []
3974 []
4004 []
4011 []
4030 [2]
4037 []
4044 []
4050 []
4055 [1]
4061 []
4063 []
4094 []
4102 []
4127 []
4159 []
4176 []
4224 []
4244 []
4255 []
4260 []
4281 []
4283 []
4298 [1]
4299 []
4303 []
4327 [1]
4331 []
4372 []
4374 []
4375 []
4378 []
4380 []
4458 []
4469 []
4472 []
4475 [0]
4490 []
4524 []
4568 []
4570 []
4571 []
4604 []
4606 []
4607 []
4646 []
4747 []
4791 []
4798 []
4897 []
4920 [0, 2, 1]
4927 []
4931 []
4932 []
4944 []
4972 []
4985 []
4991 []
4992 []
5008 []
5009 []
5015 [0]
5023 []
5087 []
5095 []
5097 []
5117 [0]
5134 []
5135 []
5139 []
5191 []
5210 []
5234 []
5279 []
5289 []
5306 [0]
5363 []
5377 []
5409 []
5413 []
5486 []
5506 []
5508 []
5509 []
5511 []
5518 []
5525 []
5534 []
5547 []
5555 []
5556 []
5564 []
5565 []
5588 []
5597 []
5634 []
5642 []
5651 []
5689 []
5709 []
5724 []
5771 [1]
5782 []
5794 []
5863 []
5898 []

 ONE_HIT: 0.12903225806451613