5 []
15 []
17 []
18 []
35 [2, 2]
60 [9]
64 []
89 []
103 [7, 7, 8, 6, 6]
105 []
124 [3]
130 []
376 [8, 8, 4, 4]
382 []
414 [8, 8]
437 [9, 9, 9, 4, 4, 3, 3, 7, 7, 8, 2]
443 [9, 9]
571 []
689 [4]
702 []
912 []
916 []
935 [3, 2, 2, 8, 8, 9, 0]
1002 [8, 6]
1190 [5, 5, 5, 5, 5, 1, 1, 1, 0, 0, 3, 3, 3, 3, 3, 8]
1352 []
1485 []
1711 []
1929 [9]
1931 [3, 3]
1949 [3, 0, 0, 6, 4]
1953 []
1954 [2, 2]
1955 []
1956 [1, 1, 1]
1959 []
1960 []
1961 []
1982 [1, 1]
1983 [1, 4, 4, 6, 6, 2]
1991 []
2001 []
2032 []
2106 [0]
2193 []
2226 []
2248 []
2354 [7, 7]
2372 []
2423 [0, 0, 0]
2467 []
2608 [4, 4, 4, 4, 4]
2626 []
2651 []
2784 []
2861 [3]
2966 []
3044 [4, 4, 4, 6, 6]
3088 []
3118 []
3136 []
3145 []
3227 []
3281 []
3382 []
3389 [8]
3428 [0, 0, 4, 6, 5, 9, 9, 9, 6, 6, 8]
3603 []
3723 []
3735 [1]
3752 []
3759 [9]
3779 []
3784 [7, 1]
3825 []
3845 []
3857 []
3858 []
3870 []
3889 []
3890 [8, 5, 1]
3895 []
3896 []
3898 []
3928 []
3932 []
3974 [5]
4011 []
4030 [2, 2, 2, 2]
4050 [4]
4055 [5, 5, 5, 5, 5, 5, 5, 1]
4102 []
4176 [9, 9, 9]
4244 [0]
4281 []
4283 []
4298 [8, 8, 3, 1, 1, 1, 1]
4303 [3, 9, 9]
4327 [1, 1, 1]
4331 [7, 0]
4458 []
4490 []
4604 []
4606 []
4646 [3, 3]
4747 [5, 5]
4920 [9, 0, 0, 7, 7, 9, 9, 2, 2, 2, 2, 3, 5, 5, 1, 1, 8]
4932 []
4972 []
4985 []
4992 []
5008 []
5023 []
5087 []
5095 [9, 4]
5117 [7, 9, 9, 9, 7, 4, 0, 0, 0]
5134 [3, 3, 4, 4, 4, 9, 9, 9]
5135 []
5210 []
5279 [1, 1]
5289 []
5306 [8, 0]
5363 [9, 5]
5377 []
5409 []
5486 []
5506 []
5511 [1, 8]
5518 []
5534 []
5634 []
5794 []

 ONE_HIT: 0.38636363636363635