5 []
15 []
17 []
35 []
60 []
64 []
89 []
103 [0, 0]
105 []
124 []
130 [2, 2, 1]
376 []
382 []
414 []
437 [1, 1]
443 []
571 []
689 []
702 []
912 [0]
916 []
935 [2, 2, 1, 1, 0]
1002 [2, 2, 2]
1190 [1, 2, 2, 2]
1352 []
1485 []
1711 [2, 2, 2, 2]
1929 []
1931 []
1949 [1, 2, 2]
1953 []
1954 []
1955 []
1956 []
1959 []
1960 []
1961 []
1982 []
1983 [2, 2]
1991 []
2001 []
2032 []
2106 [1, 0]
2193 []
2226 [2, 2]
2248 []
2354 []
2372 []
2423 []
2467 [2]
2608 [0, 0, 0, 0, 0]
2626 []
2651 []
2784 []
2861 []
2966 [0, 0]
3044 []
3088 [0]
3118 []
3136 []
3227 []
3281 []
3382 []
3389 []
3428 [0, 0, 2, 1, 1, 1, 1]
3603 []
3723 []
3735 []
3752 []
3759 [0, 0, 0]
3779 []
3784 [1, 1]
3857 []
3858 []
3870 []
3889 []
3890 []
3895 []
3896 []
3898 []
3928 []
3932 []
3974 []
4050 []
4055 [1, 1, 0]
4176 []
4244 []
4281 [0]
4283 []
4298 []
4303 [1, 0, 0, 0]
4327 []
4331 [2]
4490 []
4604 []
4606 [2, 2]
4646 []
4747 [0, 0]
4920 [0, 0, 1, 1, 1, 2]
4932 []
4972 []
4992 []
5008 []
5087 []
5095 []
5117 []
5134 [1, 1, 1]
5135 []
5210 [2, 2]
5279 []
5289 []
5363 []
5377 []
5409 []
5486 []
5506 []
5511 []
5518 []
5534 []
5794 []

 ONE_HIT: 0.23333333333333334