5 []
15 []
17 []
18 []
25 []
35 [1, 1]
60 []
64 []
89 []
103 []
105 []
124 []
130 []
176 []
302 []
382 []
414 []
437 []
443 []
488 []
571 []
689 []
702 []
847 []
912 [2]
935 []
1002 []
1190 [0, 0, 0, 0, 0]
1335 []
1352 []
1485 []
1551 []
1711 []
1922 []
1931 []
1949 []
1953 []
1954 [1, 1]
1955 []
1956 [1, 1, 1]
1959 []
1960 []
1961 []
1982 []
1983 [1, 1]
1991 []
1996 []
2001 []
2032 []
2106 [0]
2133 []
2193 []
2197 []
2226 []
2248 []
2354 []
2372 []
2423 []
2467 []
2573 []
2576 []
2608 []
2626 []
2651 []
2729 []
2784 []
2804 []
2861 []
2966 []
3044 [1, 1]
3088 []
3118 []
3136 []
3145 []
3281 []
3382 []
3389 []
3428 [2, 2, 2]
3603 []
3609 []
3735 []
3752 []
3759 []
3779 []
3784 []
3825 []
3830 []
3845 []
3853 []
3857 []
3858 []
3870 []
3889 []
3890 [0]
3896 []
3898 []
3928 []
3932 []
4030 [1, 1, 1, 1]
4055 []
4102 []
4176 []
4244 []
4271 []
4281 []
4283 []
4298 [2]
4303 []
4327 []
4331 [0]
4458 []
4490 []
4604 []
4606 []
4646 [0, 0]
4706 []
4711 []
4747 []
4763 []
4920 [0, 0, 2, 2, 2, 2, 1, 1]
4932 []
4972 []
4985 []
4992 []
5008 []
5087 []
5117 [2]
5134 [0, 0, 1, 1, 1]
5210 []
5221 []
5279 [0, 0]
5289 []
5306 [0]
5310 []
5377 []
5409 []
5474 []
5486 []
5506 []
5511 []
5518 []
5534 []
5744 []

 ONE_HIT: 0.13286713286713286