5 []
9 []
15 []
17 []
18 []
25 []
35 []
54 []
60 []
62 []
64 []
67 []
89 []
103 []
105 []
124 []
130 []
176 []
195 []
206 []
254 []
302 []
376 []
377 []
382 []
414 []
437 []
443 []
448 []
483 []
488 []
511 []
562 []
571 []
595 []
604 []
605 []
623 []
655 []
676 []
686 []
689 []
695 []
702 []
713 []
786 []
843 []
847 []
912 []
916 []
919 []
935 []
1002 []
1134 []
1190 [0]
1225 []
1230 []
1307 []
1317 []
1335 []
1352 []
1485 []
1551 []
1659 []
1681 []
1711 []
1733 []
1736 []
1826 []
1922 []
1929 []
1931 []
1949 []
1953 []
1954 []
1955 []
1956 []
1959 [2]
1960 [2]
1961 []
1963 []
1981 []
1982 []
1983 []
1991 [3]
1995 []
1996 []
2001 []
2004 []
2032 []
2040 []
2106 []
2129 []
2133 []
2145 []
2187 []
2193 [0]
2197 []
2215 []
2226 []
2243 []
2248 []
2305 []
2324 []
2354 []
2357 []
2372 []
2373 []
2388 []
2423 []
2424 []
2467 [1]
2538 []
2573 []
2576 []
2608 [2]
2626 []
2640 []
2651 []
2674 [4, 2]
2729 []
2739 []
2742 []
2784 []
2804 []
2805 []
2813 []
2818 []
2832 []
2861 [3]
2888 []
2906 []
2957 []
2959 []
2966 []
3007 []
3044 []
3088 [4]
3096 []
3097 []
3118 []
3123 []
3136 []
3145 []
3162 []
3164 []
3170 []
3185 []
3227 []
3280 []
3281 [3]
3378 []
3382 []
3389 [1]
3392 []
3415 []
3427 []
3428 []
3433 []
3452 []
3478 []
3501 []
3603 []
3609 []
3613 []
3663 []
3710 []
3717 []
3723 []
3724 []
3735 []
3752 []
3754 []
3759 []
3778 []
3779 []
3784 []
3787 []
3802 []
3820 []
3825 [0]
3830 []
3832 []
3839 []
3842 []
3845 []
3853 []
3857 []
3858 []
3860 []
3870 []
3881 []
3889 [3]
3890 [2, 1]
3893 [1]
3895 []
3896 [2]
3898 []
3928 []
3932 []
3936 []
3954 []
3964 []
3967 []
3974 []
3994 []
4004 [3]
4006 []
4011 []
4017 []
4030 []
4037 []
4049 []
4050 []
4053 []
4055 []
4070 []
4079 []
4094 []
4101 []
4102 []
4141 []
4144 []
4147 []
4149 []
4153 []
4154 []
4156 []
4157 []
4169 []
4172 []
4176 []
4179 []
4244 []
4260 []
4271 []
4280 []
4281 []
4283 []
4298 [4, 1]
4303 []
4323 []
4327 [3]
4331 []
4398 []
4415 []
4436 []
4458 []
4463 []
4478 []
4483 []
4490 []
4497 []
4510 []
4512 []
4520 []
4521 []
4568 [4]
4594 []
4599 []
4604 [3]
4606 []
4611 []
4646 [3]
4706 []
4711 []
4739 []
4747 []
4757 []
4759 []
4763 []
4765 []
4767 []
4770 []
4776 []
4798 [4]
4799 []
4818 []
4883 []
4905 []
4920 [1, 2, 0]
4931 []
4932 []
4969 []
4972 []
4985 []
4991 []
4992 []
5001 []
5008 []
5009 []
5013 []
5015 []
5017 []
5023 []
5056 []
5060 []
5062 []
5070 []
5072 []
5084 []
5087 []
5095 []
5099 []
5100 []
5117 [1, 0]
5134 [1, 0]
5135 []
5139 []
5154 []
5165 []
5171 []
5191 []
5210 []
5211 []
5221 [0]
5222 []
5234 []
5250 []
5279 []
5280 []
5288 []
5289 []
5296 []
5306 []
5310 []
5331 []
5363 [2, 4]
5377 []
5379 []
5409 [2]
5444 []
5474 []
5476 []
5486 []
5506 []
5511 []
5518 []
5519 []
5520 []
5534 []
5535 []
5537 []
5549 []
5588 []
5614 []
5634 [0]
5645 []
5651 []
5652 [3]
5686 []
5737 []
5744 []
5751 []
5773 []
5794 []
5889 []

 ONE_HIT: 0.0896358543417367