5 []
15 []
17 []
35 [1]
60 []
64 []
89 []
103 []
105 []
124 []
130 []
376 []
382 [7]
414 []
437 []
443 []
571 []
689 []
702 []
912 [2]
916 []
935 []
1002 []
1190 []
1352 []
1485 []
1711 []
1929 [4]
1931 []
1949 []
1953 [5]
1954 [1]
1955 [5]
1956 [1]
1959 [4]
1960 [4]
1961 [8, 5, 7]
1982 []
1983 []
1991 [5]
2001 []
2032 []
2106 []
2193 [3]
2215 []
2226 []
2248 []
2354 [3]
2372 []
2423 []
2467 [4, 7]
2608 [3]
2626 []
2651 []
2674 [4, 0]
2784 []
2832 []
2861 []
2966 []
3044 [1]
3088 []
3118 []
3136 []
3227 []
3281 []
3382 []
3389 []
3428 []
3452 []
3603 []
3710 [2, 1]
3717 []
3723 []
3735 []
3752 []
3754 []
3759 []
3779 []
3784 []
3857 []
3858 []
3870 []
3889 [4]
3890 [0, 9]
3895 []
3896 [5]
3898 []
3928 []
3932 []
3954 [4]
3964 []
3974 []
4037 []
4050 []
4055 []
4094 []
4176 []
4244 []
4260 [2, 6]
4281 []
4283 []
4298 [9]
4303 [4, 8]
4327 [5, 3]
4331 []
4490 []
4568 [9]
4604 []
4606 [6]
4646 [0]
4747 [3]
4798 [5]
4920 [0, 4, 2, 1]
4931 [7]
4932 []
4972 []
4991 []
4992 []
5008 []
5015 []
5087 [6]
5095 []
5117 [2]
5134 [0, 1]
5135 []
5139 []
5210 []
5234 []
5279 []
5289 []
5363 [3, 1]
5377 []
5409 []
5486 []
5506 []
5511 []
5518 []
5534 []
5651 []
5794 []

 ONE_HIT: 0.2714285714285714