5 []
15 []
17 []
18 []
25 []
35 []
60 [1, 1]
64 []
67 []
89 []
103 []
105 []
124 [6, 6, 6, 0, 0, 0]
130 []
176 []
195 []
302 []
376 [5]
382 [4, 4]
414 []
437 []
443 []
448 []
483 []
488 []
511 []
571 []
689 []
702 []
713 []
786 []
843 []
847 []
912 []
916 []
935 []
1002 [3, 1]
1190 [0, 0, 0, 3, 3, 3, 3, 3]
1225 []
1335 []
1352 [8, 8]
1485 []
1551 []
1711 []
1733 []
1736 [8, 8, 8, 8]
1922 []
1929 []
1931 []
1949 []
1953 []
1954 []
1955 []
1956 []
1959 [2]
1960 [2]
1961 [5, 6]
1982 []
1983 []
1991 [3, 3]
1996 []
2001 []
2032 []
2106 []
2129 []
2133 []
2193 [0]
2197 []
2215 []
2226 []
2243 []
2248 []
2305 []
2324 []
2354 [4, 4]
2357 []
2372 []
2373 []
2388 []
2423 []
2424 []
2467 [1, 1, 1]
2573 []
2576 []
2608 [2, 2, 2]
2626 []
2651 []
2674 [4, 4, 4, 2, 2, 2, 2, 2, 2]
2729 []
2739 []
2784 []
2804 []
2805 [9]
2818 [0]
2832 []
2861 [7]
2888 []
2906 []
2959 [9, 9]
2966 []
3044 []
3088 [4, 5]
3118 []
3136 [7, 7, 7, 7, 7]
3145 []
3162 []
3227 [7, 7, 7]
3281 [3]
3382 []
3389 [0, 1]
3392 []
3428 []
3452 [7, 7]
3478 [5]
3501 []
3603 []
3609 []
3710 []
3717 []
3723 []
3735 []
3752 []
3754 []
3759 [2, 2]
3778 []
3779 []
3784 [7, 7, 5]
3802 [7]
3820 []
3825 [0]
3830 []
3839 []
3845 []
3853 []
3857 []
3858 []
3860 []
3870 []
3881 []
3889 [3]
3890 [2, 2, 1]
3893 [1]
3895 []
3896 [2, 2]
3898 []
3928 [7, 2]
3932 []
3936 []
3954 []
3964 [6]
3974 [9]
3994 []
4004 [3, 3, 3, 3, 4]
4011 []
4030 []
4037 [5, 5]
4049 []
4050 [5]
4055 []
4079 []
4094 []
4101 []
4102 []
4149 []
4176 []
4179 []
4244 []
4260 []
4271 []
4281 []
4283 []
4298 [1, 1, 4, 4, 3, 4, 1, 1]
4303 []
4323 [7, 7, 7, 7]
4327 [6, 6, 3]
4331 []
4398 []
4458 []
4463 []
4490 []
4510 []
4520 []
4521 []
4568 [4, 4]
4604 [3, 3]
4606 [5, 5, 5, 5]
4611 []
4646 [3, 3]
4706 []
4711 []
4739 []
4747 []
4763 []
4798 [4, 4]
4905 []
4920 [1, 1, 2, 2, 2, 0, 0]
4931 []
4932 []
4972 []
4985 []
4991 []
4992 []
5001 []
5008 []
5009 []
5013 []
5015 []
5017 []
5023 []
5060 []
5072 []
5087 [7, 7]
5095 []
5117 [1, 1, 0, 0, 0]
5134 [1, 1, 2, 2, 2, 0, 0, 0]
5135 [2]
5139 []
5165 []
5191 [8]
5210 []
5221 [0]
5234 [7, 7]
5279 [3, 3, 6, 6, 6, 6]
5289 []
5306 []
5310 []
5363 [2, 4, 3]
5377 [6]
5379 []
5409 [9, 9, 2, 2, 2, 3, 3]
5444 []
5474 []
5486 [5, 8]
5506 [4, 5, 5]
5511 []
5518 []
5519 []
5520 []
5534 []
5535 []
5537 []
5588 []
5634 [0, 0, 0, 0]
5645 []
5651 [1, 1, 1, 1, 4]
5686 []
5737 []
5744 []
5751 []
5773 []
5794 []
5889 []

 ONE_HIT: 0.2619047619047619