5 []
15 []
17 []
18 []
25 []
35 [1, 1]
60 [3, 3]
64 []
67 []
89 []
103 []
105 []
124 []
130 []
176 []
302 []
382 [4, 4]
414 []
437 []
443 []
448 []
483 []
488 []
511 []
571 []
689 []
702 []
847 []
912 [2]
935 []
1002 [3]
1190 [0, 0, 0, 0, 0]
1225 []
1335 []
1352 []
1485 []
1551 []
1711 []
1922 []
1931 []
1949 []
1953 []
1954 [1, 1]
1955 []
1956 [1, 1, 1]
1959 [4]
1960 [4]
1961 []
1982 []
1983 [1, 1]
1991 []
1996 []
2001 []
2032 []
2106 [0]
2129 []
2133 []
2193 [3]
2197 []
2226 []
2243 []
2248 []
2324 []
2354 [3, 3]
2372 []
2373 []
2388 []
2423 []
2467 [4]
2573 []
2576 []
2608 [3, 3, 3, 3, 3]
2626 []
2651 []
2729 []
2739 []
2784 []
2804 []
2861 []
2888 []
2906 [1, 1]
2966 []
3044 [1, 1]
3088 []
3118 []
3136 []
3145 []
3281 []
3382 []
3389 []
3392 []
3428 [2, 2, 2]
3501 []
3603 []
3609 []
3735 []
3752 []
3759 []
3778 []
3779 []
3784 [3]
3825 []
3830 []
3845 []
3853 []
3857 []
3858 []
3870 []
3889 [4]
3890 [0]
3896 []
3898 []
3928 []
3932 []
3994 []
4030 [1, 1, 1, 1]
4055 []
4102 []
4176 []
4179 []
4244 []
4271 []
4281 []
4283 []
4298 [4, 4, 2]
4303 [4, 4, 4]
4327 [3]
4331 [0]
4458 []
4490 []
4604 []
4606 []
4611 []
4646 [0, 0]
4706 []
4711 []
4739 []
4747 [3, 3, 3, 3]
4763 []
4920 [0, 0, 4, 4, 4, 2, 2, 2, 2, 1, 1]
4932 []
4972 []
4985 []
4992 []
5001 []
5008 []
5060 []
5072 []
5087 []
5117 [2]
5134 [0, 0, 4, 4, 4, 1, 1, 1]
5210 []
5221 []
5279 [0, 0]
5289 []
5306 [0]
5310 []
5377 []
5379 []
5409 []
5474 []
5486 []
5506 []
5511 []
5518 []
5534 []
5537 []
5744 [4, 4]

 ONE_HIT: 0.20833333333333334