5 []
15 []
17 []
18 []
25 []
35 [1]
60 []
64 []
67 []
89 []
103 []
105 []
124 []
130 []
176 []
195 []
302 []
376 []
382 []
414 []
437 []
443 []
448 []
483 []
488 []
511 []
571 []
689 []
702 []
713 []
786 []
843 []
847 []
912 [2]
916 []
935 []
1002 []
1190 []
1225 []
1335 []
1352 []
1485 []
1551 []
1711 []
1733 []
1736 []
1922 []
1929 [4]
1931 []
1949 []
1953 []
1954 [1]
1955 []
1956 [1]
1959 [4]
1960 [4]
1961 []
1982 []
1983 []
1991 []
1996 []
2001 []
2032 []
2106 []
2129 []
2133 []
2193 [3]
2197 []
2215 []
2226 []
2243 []
2248 []
2305 []
2324 []
2354 [3]
2357 []
2372 []
2373 []
2388 []
2423 []
2424 []
2467 [4]
2573 []
2576 []
2608 [3]
2626 []
2651 []
2674 [4, 0]
2729 []
2739 []
2784 []
2804 []
2805 [1]
2818 []
2832 []
2861 []
2888 []
2906 [1]
2959 []
2966 []
3044 [1]
3088 []
3118 []
3136 []
3145 []
3162 []
3227 []
3281 []
3382 []
3389 []
3392 []
3428 []
3452 []
3478 []
3501 []
3603 []
3609 []
3710 [2, 1]
3717 []
3723 []
3735 []
3752 []
3754 []
3759 []
3778 []
3779 []
3784 []
3802 []
3820 []
3825 []
3830 []
3839 []
3845 []
3853 []
3857 []
3858 []
3860 []
3870 []
3881 []
3889 [4]
3890 [0]
3893 []
3895 []
3896 []
3898 []
3928 []
3932 []
3936 []
3954 [4]
3964 []
3974 []
3994 []
4004 []
4011 []
4030 [1]
4037 []
4049 []
4050 []
4055 []
4079 []
4094 []
4101 []
4102 []
4149 []
4176 []
4179 []
4244 []
4260 [2]
4271 []
4281 []
4283 []
4298 []
4303 [4]
4323 []
4327 [3]
4331 []
4398 []
4458 []
4463 []
4490 []
4510 [2]
4520 []
4521 []
4568 []
4604 []
4606 []
4611 []
4646 [0]
4706 []
4711 []
4739 []
4747 [3]
4763 []
4798 []
4905 []
4920 [0, 4, 2, 1]
4931 []
4932 []
4972 []
4985 []
4991 []
4992 []
5001 []
5008 []
5009 []
5013 []
5015 []
5017 []
5023 []
5060 []
5072 []
5087 []
5095 []
5117 [2]
5134 [0, 1]
5135 []
5139 []
5165 []
5191 []
5210 []
5221 []
5234 []
5279 []
5289 []
5306 [0]
5310 []
5363 [3, 1]
5377 []
5379 []
5409 []
5444 []
5474 []
5486 []
5506 []
5511 []
5518 []
5519 []
5520 []
5534 []
5535 []
5537 []
5588 []
5634 []
5645 []
5651 []
5686 []
5737 []
5744 []
5751 []
5773 []
5794 []
5889 []

 ONE_HIT: 0.12301587301587301