5 []
15 []
17 []
35 [1, 1]
60 [3, 3]
64 []
89 []
103 []
105 []
124 [9, 9, 9, 8, 8, 8]
130 []
382 [7, 7, 7, 4, 4]
414 []
437 []
443 []
571 []
689 []
702 []
912 [2]
935 []
1002 [3]
1190 [0, 0, 0, 0, 0]
1352 []
1485 []
1711 []
1931 []
1949 []
1953 [5]
1954 [1, 1]
1955 [5]
1956 [1, 1, 1]
1959 [4]
1960 [4]
1961 [8, 5, 5, 7]
1982 []
1983 [1, 1]
1991 [5, 5]
2001 []
2032 []
2106 [0]
2193 [3]
2226 []
2248 []
2354 [3, 3]
2372 []
2423 []
2467 [4, 7, 7, 7]
2608 [3, 3, 3, 3, 3]
2626 [5]
2651 []
2784 []
2861 []
2966 []
3044 [1, 1]
3088 []
3118 []
3136 [9, 9]
3281 []
3382 []
3389 []
3428 [2, 2, 2]
3603 []
3735 []
3752 []
3759 []
3779 []
3784 [3]
3857 []
3858 []
3870 []
3889 [4]
3890 [0, 9, 7]
3896 [5, 5]
3898 []
3928 []
3932 []
4055 []
4176 []
4244 []
4281 []
4283 []
4298 [4, 4, 2, 9, 9]
4303 [4, 4, 4, 8]
4327 [5, 5, 3]
4331 [0]
4490 []
4604 []
4606 [6, 6, 6, 6]
4646 [0, 0]
4747 [3, 3, 3, 3]
4920 [0, 0, 4, 4, 4, 2, 2, 2, 2, 1, 1]
4932 []
4972 []
4992 []
5008 []
5087 [6, 6]
5117 [2]
5134 [0, 0, 4, 4, 4, 1, 1, 1]
5210 []
5279 [0, 0]
5289 []
5377 [5]
5409 []
5486 []
5506 []
5511 []
5518 []
5534 []

 ONE_HIT: 0.3888888888888889