5 []
15 []
17 []
35 []
60 [1, 1]
64 []
89 []
103 []
105 []
124 [6, 6, 6, 0, 0, 0]
130 []
376 [5]
382 [4, 4]
414 []
437 []
443 []
571 []
689 []
702 []
791 []
912 []
916 []
935 []
1002 [3, 1]
1190 [0, 0, 0, 3, 3, 3, 3, 3]
1331 []
1352 [8, 8]
1485 []
1711 []
1929 []
1931 []
1949 []
1953 []
1954 []
1955 []
1956 []
1959 [2]
1960 [2]
1961 [5, 6]
1982 []
1983 []
1991 [3, 3]
2001 []
2032 []
2106 []
2193 [0]
2215 []
2226 []
2248 []
2354 [4, 4]
2372 []
2423 []
2467 [1, 1, 1]
2608 [2, 2, 2]
2626 []
2651 []
2674 [4, 4, 4, 2, 2, 2, 2, 2, 2]
2784 []
2832 []
2857 []
2861 [7]
2966 []
3044 []
3088 [4, 5]
3118 []
3136 [7, 7, 7, 7, 7]
3227 [7, 7, 7]
3281 [3]
3382 []
3389 [0, 1]
3428 []
3452 [7, 7]
3603 []
3710 []
3717 []
3723 []
3735 []
3751 []
3752 []
3754 []
3759 [2, 2]
3779 []
3784 [7, 7, 5]
3857 []
3858 []
3870 []
3889 [3]
3890 [2, 2, 1]
3895 []
3896 [2, 2]
3898 []
3928 [7, 2]
3932 []
3954 []
3964 [6]
3974 [9]
4037 [5, 5]
4044 []
4050 [5]
4055 []
4094 []
4159 []
4176 []
4224 []
4244 []
4260 []
4281 []
4283 []
4298 [1, 1, 4, 4, 3, 4, 1, 1]
4303 []
4327 [6, 6, 3]
4331 []
4374 [8]
4490 []
4568 [4, 4]
4571 []
4604 [3, 3]
4606 [5, 5, 5, 5]
4607 [7, 7]
4646 [3, 3]
4747 []
4798 [4, 4]
4897 [5]
4920 [1, 1, 2, 2, 2, 0, 0]
4927 []
4931 []
4932 []
4944 []
4972 []
4991 []
4992 []
5008 []
5015 []
5087 [7, 7]
5095 []
5097 []
5117 [1, 1, 0, 0, 0]
5134 [1, 1, 2, 2, 2, 0, 0, 0]
5135 [2]
5139 []
5210 []
5234 [7, 7]
5279 [3, 3, 6, 6, 6, 6]
5289 []
5363 [2, 4, 3]
5377 [6]
5409 [9, 9, 2, 2, 2, 3, 3]
5486 [5, 8]
5506 [4, 5, 5]
5511 []
5518 []
5534 []
5564 []
5651 [1, 1, 1, 1, 4]
5689 []
5794 []

 ONE_HIT: 0.358974358974359