5 []
15 []
17 []
18 []
25 []
35 []
60 [1, 1]
64 []
89 []
103 []
105 []
124 [0, 0, 0]
130 []
176 []
302 []
376 []
382 [4, 4]
414 []
437 []
443 []
488 []
571 []
689 []
702 []
713 []
749 []
762 []
786 []
791 []
847 []
912 []
916 []
935 []
1002 [3, 1]
1190 [0, 0, 0, 3, 3, 3, 3, 3]
1331 []
1335 []
1352 []
1485 []
1551 []
1711 []
1733 []
1752 []
1922 []
1929 []
1931 []
1949 []
1953 []
1954 []
1955 []
1956 []
1959 [2]
1960 [2]
1961 []
1982 []
1983 []
1991 [3, 3]
1996 []
2001 []
2032 []
2106 []
2133 []
2178 []
2193 [0]
2197 []
2215 []
2226 []
2248 []
2338 [3]
2354 [4, 4]
2357 []
2372 []
2423 []
2467 [1, 1, 1]
2573 []
2576 []
2608 [2, 2, 2]
2626 []
2651 []
2674 [4, 4, 4, 2, 2, 2, 2, 2, 2]
2720 [2, 2, 2, 2]
2729 []
2784 []
2804 []
2805 []
2832 []
2851 []
2857 []
2861 [3]
2883 []
2897 []
2904 []
2912 []
2916 []
2921 []
2959 []
2966 []
3044 []
3088 [4]
3118 []
3134 []
3136 []
3145 []
3162 []
3180 [3, 3]
3227 []
3263 []
3281 [3]
3382 []
3389 [0, 1]
3428 []
3452 []
3478 []
3603 []
3609 []
3710 []
3717 []
3723 []
3735 []
3751 []
3752 []
3754 []
3759 [2, 2]
3774 []
3779 []
3784 []
3801 [0, 0]
3802 []
3820 []
3825 [0]
3830 []
3835 []
3837 []
3839 []
3845 []
3853 []
3857 []
3858 []
3860 []
3870 []
3888 [0]
3889 [3]
3890 [2, 2, 1]
3893 [1]
3895 []
3896 [2, 2]
3898 []
3928 [2]
3932 []
3936 []
3954 []
3964 []
3974 []
4004 [3, 3, 3, 3, 4]
4011 []
4030 []
4037 []
4038 [0]
4044 []
4049 []
4050 []
4055 []
4061 []
4063 []
4079 []
4094 []
4102 []
4127 []
4149 []
4159 []
4176 []
4224 []
4244 []
4255 []
4260 []
4271 []
4281 []
4283 []
4298 [1, 1, 4, 4, 3, 4, 1, 1]
4299 []
4303 []
4327 [3]
4331 []
4338 [1]
4372 []
4374 []
4375 []
4378 []
4379 []
4380 []
4458 []
4463 []
4469 []
4472 []
4475 [3]
4490 []
4520 []
4524 []
4552 []
4568 [4, 4]
4570 []
4571 []
4604 [3, 3]
4606 []
4607 []
4646 [3, 3]
4706 []
4711 []
4747 []
4763 []
4791 []
4798 [4, 4]
4896 []
4897 []
4920 [1, 1, 2, 2, 2, 0, 0]
4927 []
4931 []
4932 []
4944 []
4972 []
4985 []
4991 []
4992 []
5008 []
5009 []
5014 []
5015 []
5017 []
5023 []
5087 []
5095 []
5097 []
5117 [1, 1, 0, 0, 0]
5134 [1, 1, 2, 2, 2, 0, 0, 0]
5135 [2]
5139 []
5144 []
5191 []
5194 []
5210 []
5221 [0]
5234 []
5252 []
5279 [3, 3]
5289 []
5306 []
5310 []
5363 [2, 4, 3]
5377 []
5409 [2, 2, 2, 3, 3]
5413 []
5444 []
5474 []
5486 []
5500 []
5506 [4]
5508 []
5509 [1]
5511 []
5518 []
5525 []
5534 []
5547 []
5555 []
5556 []
5564 []
5565 []
5588 []
5597 []
5604 []
5634 [0, 0, 0, 0]
5642 []
5643 []
5646 []
5647 []
5651 [1, 1, 1, 1, 4]
5653 []
5655 []
5660 []
5686 []
5689 []
5709 []
5717 []
5724 [4]
5728 []
5731 []
5737 []
5744 []
5751 []
5762 []
5771 []
5773 []
5782 []
5794 []
5842 []
5863 [2, 2]
5889 []
5893 [0, 0]
5898 []

 ONE_HIT: 0.1806020066889632