5 []
15 []
17 []
35 []
60 []
64 []
89 []
103 []
105 []
124 []
130 []
376 []
382 []
414 []
437 []
443 []
571 []
689 []
702 []
912 []
916 []
935 []
1002 []
1190 [0]
1352 []
1485 []
1711 []
1929 []
1931 []
1949 []
1953 []
1954 []
1955 []
1956 []
1959 [2]
1960 [2]
1961 []
1982 []
1983 []
1991 [3]
2001 []
2032 []
2106 []
2193 [0]
2226 []
2248 []
2354 []
2372 []
2423 []
2467 [1]
2608 [2]
2626 []
2651 []
2784 []
2861 [3]
2966 []
3044 []
3088 [4]
3118 []
3136 []
3227 []
3281 [3]
3382 []
3389 [1]
3428 []
3603 []
3723 []
3735 []
3752 []
3759 []
3779 []
3784 []
3857 []
3858 []
3870 []
3889 [3]
3890 [2, 1]
3895 []
3896 [2]
3898 []
3928 []
3932 []
3974 []
4050 []
4055 []
4176 []
4244 []
4281 []
4283 []
4298 [4, 1]
4303 []
4327 [3]
4331 []
4490 []
4604 [3]
4606 []
4646 [3]
4747 []
4920 [1, 2, 0]
4932 []
4972 []
4992 []
5008 []
5087 []
5095 []
5117 [1, 0]
5134 [1, 0]
5135 []
5210 []
5279 []
5289 []
5363 [2, 4]
5377 []
5409 [2]
5486 []
5506 []
5511 []
5518 []
5534 []
5794 []

 ONE_HIT: 0.19166666666666668