5 []
15 []
17 [8, 5, 5]
18 []
25 []
35 [2, 2, 3, 3, 3]
60 [2]
64 []
67 []
89 []
103 [1, 1]
105 []
124 []
130 [1]
176 []
195 []
302 []
376 []
382 [9, 9]
414 []
437 []
443 []
448 []
483 []
488 []
511 []
571 []
689 [2]
690 []
702 []
713 []
749 []
786 []
791 []
843 []
847 []
912 [0, 4, 5]
916 []
935 []
1002 [0, 0, 0]
1190 [4, 9, 1, 2, 2, 2]
1225 []
1284 []
1331 []
1335 []
1352 []
1485 []
1551 []
1711 []
1733 []
1736 []
1922 []
1929 []
1931 [8, 8]
1949 []
1953 [1]
1954 [9, 9]
1955 [2, 2]
1956 [9, 9, 9]
1959 [5, 5, 8]
1960 [1]
1961 [7, 3]
1982 [8, 8]
1983 [2, 1, 1]
1991 [7, 7]
1996 []
2001 []
2032 []
2106 [0]
2129 []
2133 []
2193 []
2197 []
2215 []
2216 []
2226 []
2243 []
2248 []
2305 []
2324 [0, 0]
2354 [4, 1, 1]
2357 []
2372 []
2373 []
2388 []
2423 []
2424 []
2467 [1]
2573 []
2576 []
2608 [0, 0, 0, 0, 0]
2626 [5]
2651 []
2674 [2, 2, 9, 9, 0, 0, 1, 1]
2720 []
2729 []
2739 []
2784 []
2804 []
2805 []
2818 []
2832 []
2834 []
2857 []
2861 []
2888 []
2906 []
2959 []
2966 [0, 0]
3044 []
3088 []
3118 []
3136 []
3145 []
3162 []
3227 [6, 6]
3281 [4]
3382 []
3389 [7, 6]
3392 []
3428 [8, 8, 3, 5, 5, 7, 6, 6, 6, 0, 0, 2, 4, 5, 7, 7, 6, 1]
3452 []
3478 []
3501 [2]
3603 [5, 5, 2, 2, 3, 3, 3]
3604 []
3609 []
3610 [1]
3627 []
3710 [9, 9]
3717 []
3723 []
3735 [4]
3738 []
3751 [0]
3752 [1, 1, 1]
3754 []
3759 [5, 5, 5, 0, 0, 0]
3764 []
3774 []
3778 []
3779 []
3784 [1, 1, 3]
3802 []
3809 []
3820 []
3825 []
3830 []
3833 []
3839 []
3845 []
3853 []
3857 []
3858 []
3860 []
3870 []
3881 []
3889 []
3890 [3, 9, 8]
3893 []
3895 []
3896 [4, 2, 2, 2, 2, 2]
3898 []
3924 []
3928 []
3932 []
3936 []
3954 []
3964 []
3974 []
3994 []
4004 []
4011 [7, 7]
4030 []
4037 []
4038 []
4044 []
4049 []
4050 [5, 5, 5, 7, 7, 7, 7]
4055 [4, 7, 7, 0, 0, 9, 5, 5, 3, 2]
4061 []
4063 []
4079 [2, 2]
4094 []
4101 []
4102 []
4149 []
4159 []
4176 [1]
4179 []
4197 []
4224 [1, 1]
4244 [9, 1, 1]
4260 [9]
4271 []
4281 []
4283 [7, 7]
4295 []
4298 [2, 2, 6, 1]
4303 [7, 1, 1, 9, 5, 5, 4, 4, 4, 9]
4323 []
4327 [5]
4331 []
4338 []
4374 []
4398 []
4458 []
4463 []
4469 []
4490 []
4510 []
4520 []
4521 []
4568 []
4571 []
4604 [6, 6, 6]
4606 [7, 7]
4607 []
4611 []
4646 [7, 7, 3, 4, 9, 9, 4, 4]
4658 []
4681 []
4706 []
4711 [3, 3]
4739 []
4747 [0, 0]
4763 [3]
4795 []
4798 [6]
4897 [6, 6, 8, 8]
4905 []
4920 [1, 1, 3, 3, 6, 6, 6, 6, 8, 8, 0]
4927 [7, 7, 7, 0, 3]
4931 [1, 1, 5, 5, 5]
4932 []
4944 []
4970 []
4972 []
4985 []
4991 [7, 7]
4992 []
5001 []
5008 [1]
5009 []
5013 []
5014 []
5015 [6, 6]
5017 []
5023 []
5060 []
5072 []
5087 []
5095 []
5097 []
5117 [2, 2, 0, 3, 6]
5134 [2, 3, 3]
5135 []
5139 []
5144 []
5165 []
5191 []
5194 []
5210 []
5221 []
5234 [5, 5]
5279 [6, 6]
5289 []
5306 []
5310 []
5363 []
5377 []
5379 []
5409 []
5415 []
5444 []
5474 []
5486 [9]
5500 []
5506 [8]
5511 []
5518 []
5519 []
5520 []
5534 [6, 6]
5535 []
5537 []
5564 [3, 3]
5588 []
5604 [7, 7]
5634 []
5645 []
5651 [4, 4, 4]
5653 []
5686 []
5689 []
5697 []
5727 []
5731 []
5737 []
5738 []
5744 []
5751 []
5761 []
5773 []
5794 [5, 5]
5889 []
5905 []

 ONE_HIT: 0.26384364820846906