5 []
15 []
17 []
18 []
35 [1, 1]
60 [3, 3]
64 []
89 []
103 []
105 []
124 []
130 []
376 []
382 [4, 4]
414 []
437 []
443 []
571 []
689 []
702 []
912 [2]
916 []
935 []
1002 [3]
1190 [0, 0, 0, 0, 0]
1352 []
1485 []
1711 []
1929 [4]
1931 []
1949 []
1953 []
1954 [1, 1]
1955 []
1956 [1, 1, 1]
1959 [4]
1960 [4]
1961 []
1982 []
1983 [1, 1]
1991 []
2001 []
2032 []
2106 [0]
2193 [3]
2215 []
2226 []
2248 []
2354 [3, 3]
2372 []
2423 []
2467 [4]
2608 [3, 3, 3, 3, 3]
2626 []
2651 []
2674 [4, 4, 4, 4, 4, 4, 0]
2784 []
2832 []
2861 []
2966 []
3044 [1, 1]
3088 []
3118 []
3136 []
3145 []
3227 []
3281 []
3382 []
3389 []
3428 [2, 2, 2]
3452 []
3603 []
3710 [2, 2, 2, 1, 1, 1]
3717 []
3723 []
3735 []
3752 []
3754 []
3759 []
3779 []
3784 [3]
3825 []
3839 []
3845 []
3857 []
3858 []
3870 []
3889 [4]
3890 [0]
3895 []
3896 []
3898 []
3928 []
3932 []
3954 [4]
3964 []
3974 []
4004 []
4011 []
4030 [1, 1, 1, 1]
4037 []
4050 []
4055 []
4094 []
4102 []
4176 []
4244 []
4260 [1, 2, 2, 2]
4281 []
4283 []
4298 [4, 4, 2]
4303 [4, 4, 4]
4327 [3]
4331 [0]
4458 []
4490 []
4568 []
4604 []
4606 []
4646 [0, 0]
4747 [3, 3, 3, 3]
4798 []
4920 [0, 0, 4, 4, 4, 2, 2, 2, 2, 1, 1]
4931 []
4932 []
4972 []
4985 []
4991 []
4992 []
5008 []
5009 []
5015 []
5023 []
5087 []
5095 []
5117 [2]
5134 [0, 0, 4, 4, 4, 1, 1, 1]
5135 []
5139 []
5191 []
5210 []
5234 []
5279 [0, 0]
5289 []
5306 [0]
5363 [3, 1]
5377 []
5409 []
5486 []
5506 []
5511 []
5518 []
5534 []
5588 []
5634 []
5651 []
5794 []

 ONE_HIT: 0.2484076433121019