5 []
15 []
17 []
18 []
25 []
35 [1, 1]
60 [3, 3]
64 []
89 []
103 []
105 []
124 [9, 9, 9, 8, 8, 8]
130 []
176 []
302 []
376 [6]
382 [7, 7, 7, 4, 4]
414 []
437 []
443 []
488 []
571 []
689 []
702 []
713 []
749 []
762 [2]
786 []
791 []
847 []
912 [2]
916 []
935 []
1002 [3]
1190 [0, 0, 0, 0, 0]
1331 [1]
1335 []
1352 []
1485 []
1551 []
1711 []
1733 []
1752 []
1922 []
1929 [4]
1931 []
1949 []
1953 [5]
1954 [1, 1]
1955 [5]
1956 [1, 1, 1]
1959 [4]
1960 [4]
1961 [8, 5, 5, 7]
1982 []
1983 [1, 1]
1991 [5, 5]
1996 []
2001 []
2032 []
2106 [0]
2133 []
2178 []
2193 [3]
2197 []
2215 []
2226 []
2248 []
2338 [8, 2, 2, 3, 3, 4, 4]
2354 [3, 3]
2357 []
2372 []
2423 []
2467 [4, 7, 7, 7]
2573 []
2576 []
2608 [3, 3, 3, 3, 3]
2626 [5]
2651 []
2674 [4, 4, 4, 4, 4, 4, 0]
2720 []
2729 []
2784 []
2804 []
2805 [1]
2832 []
2851 []
2857 []
2861 []
2883 [7, 7]
2897 []
2904 [8, 8]
2912 []
2916 []
2921 []
2959 [6, 6]
2966 []
3044 [1, 1]
3088 []
3118 []
3134 []
3136 [9, 9]
3145 []
3162 []
3180 [4]
3227 []
3263 []
3281 []
3382 []
3389 []
3428 [2, 2, 2]
3452 []
3478 [8]
3603 []
3609 []
3710 [2, 2, 2, 1, 1, 1]
3717 []
3723 []
3735 []
3751 []
3752 []
3754 []
3759 []
3774 []
3779 []
3784 [3]
3801 [3, 3, 0, 0]
3802 [1]
3820 []
3825 [5]
3830 []
3835 []
3837 [9, 9]
3839 []
3845 []
3853 []
3857 []
3858 []
3860 [7]
3870 []
3888 []
3889 [4]
3890 [0, 9, 7]
3893 []
3895 []
3896 [5, 5]
3898 []
3928 []
3932 []
3936 []
3954 [4]
3964 []
3974 []
4004 []
4011 []
4030 [1, 1, 1, 1]
4037 []
4038 [1]
4044 [9, 6, 9, 9]
4049 []
4050 []
4055 []
4061 []
4063 []
4079 []
4094 []
4102 []
4127 []
4149 []
4159 []
4176 []
4224 [4]
4244 []
4255 []
4260 [1, 2, 2, 2, 6]
4271 []
4281 []
4283 []
4298 [4, 4, 2, 9, 9]
4299 []
4303 [4, 4, 4, 8]
4327 [5, 5, 3]
4331 [0]
4338 []
4372 []
4374 [7, 7]
4375 []
4378 []
4379 []
4380 []
4458 []
4463 []
4469 []
4472 []
4475 [0]
4490 []
4520 []
4524 []
4552 []
4568 [9, 9]
4570 [6, 6, 7]
4571 []
4604 []
4606 [6, 6, 6, 6]
4607 [4, 4, 4, 5, 5, 9]
4646 [0, 0]
4706 [7, 7]
4711 []
4747 [3, 3, 3, 3]
4763 []
4791 []
4798 [5, 5]
4896 []
4897 []
4920 [0, 0, 4, 4, 4, 2, 2, 2, 2, 1, 1]
4927 []
4931 [7]
4932 []
4944 [2]
4972 []
4985 []
4991 []
4992 []
5008 []
5009 []
5014 []
5015 []
5017 []
5023 []
5087 [6, 6]
5095 []
5097 []
5117 [2]
5134 [0, 0, 4, 4, 4, 1, 1, 1]
5135 []
5139 []
5144 []
5191 []
5194 []
5210 []
5221 []
5234 []
5252 []
5279 [0, 0]
5289 []
5306 [0, 5]
5310 []
5363 [3, 1]
5377 [5]
5409 []
5413 []
5444 []
5474 []
5486 []
5500 []
5506 []
5508 []
5509 [7, 7, 7]
5511 []
5518 []
5525 []
5534 []
5547 []
5555 [3, 3, 3]
5556 []
5564 []
5565 []
5588 []
5597 []
5604 []
5634 []
5642 []
5643 []
5646 []
5647 []
5651 []
5653 []
5655 [5]
5660 []
5686 []
5689 []
5709 []
5717 []
5724 []
5728 []
5731 []
5737 []
5744 [4, 4]
5751 []
5762 []
5771 []
5773 []
5782 []
5794 []
5842 []
5863 []
5889 []
5893 []
5898 [7, 7, 4, 4]

 ONE_HIT: 0.27424749163879597