5 []
15 []
17 []
18 []
25 []
35 [1]
60 []
64 []
89 []
103 []
105 []
124 []
130 []
176 []
302 []
376 []
382 [7]
414 []
437 []
443 []
488 []
571 []
689 []
702 []
713 []
786 []
847 []
912 [2]
916 []
935 []
1002 []
1190 []
1335 []
1352 []
1485 []
1551 []
1711 []
1733 []
1922 []
1929 [4]
1931 []
1949 []
1953 [5]
1954 [1]
1955 [5]
1956 [1]
1959 [4]
1960 [4]
1961 [8, 5, 7]
1982 []
1983 []
1991 [5]
1996 []
2001 []
2032 []
2106 []
2133 []
2193 [3]
2197 []
2215 []
2226 []
2248 []
2354 [3]
2357 []
2372 []
2423 []
2467 [4, 7]
2573 []
2576 []
2608 [3]
2626 []
2651 []
2674 [4, 0]
2729 []
2784 []
2804 []
2805 [1]
2832 []
2861 []
2959 [6]
2966 []
3044 [1]
3088 []
3118 []
3136 []
3145 []
3162 []
3227 []
3281 []
3382 []
3389 []
3428 []
3452 []
3478 [8]
3603 []
3609 []
3710 [2, 1]
3717 []
3723 []
3735 []
3752 []
3754 []
3759 []
3779 []
3784 []
3802 []
3820 []
3825 [5]
3830 []
3839 []
3845 []
3853 []
3857 []
3858 []
3860 [7]
3870 []
3889 [4]
3890 [0, 9]
3893 []
3895 []
3896 [5]
3898 []
3928 []
3932 []
3936 []
3954 [4]
3964 []
3974 []
4004 []
4011 []
4030 [1]
4037 []
4049 []
4050 []
4055 []
4079 []
4094 []
4102 []
4149 []
4176 []
4244 []
4260 [2, 6]
4271 []
4281 []
4283 []
4298 [9]
4303 [4, 8]
4327 [5, 3]
4331 []
4458 []
4463 []
4490 []
4520 []
4568 [9]
4604 []
4606 [6]
4646 [0]
4706 []
4711 []
4747 [3]
4763 []
4798 [5]
4920 [0, 4, 2, 1]
4931 [7]
4932 []
4972 []
4985 []
4991 []
4992 []
5008 []
5009 []
5015 []
5017 []
5023 []
5087 [6]
5095 []
5117 [2]
5134 [0, 1]
5135 []
5139 []
5191 []
5210 []
5221 []
5234 []
5279 []
5289 []
5306 [0]
5310 []
5363 [3, 1]
5377 []
5409 []
5444 []
5474 []
5486 []
5506 []
5511 []
5518 []
5534 []
5588 []
5634 []
5651 []
5686 []
5737 []
5744 []
5751 []
5773 []
5794 []
5889 []

 ONE_HIT: 0.21634615384615385