5 []
9 []
15 []
17 [8, 5]
18 []
25 []
35 [2, 3]
54 []
60 []
62 []
64 []
67 []
89 []
103 [1]
105 []
124 []
130 []
176 []
195 []
206 []
254 []
302 []
376 []
377 []
382 []
414 []
437 []
443 []
448 []
483 []
488 []
511 []
562 []
571 []
595 [5]
604 []
605 []
623 []
655 []
676 []
686 []
689 []
695 []
702 []
713 []
786 []
843 []
847 []
912 [0, 4, 5]
916 []
919 []
935 []
1002 [0]
1134 []
1190 [4, 1, 2]
1225 []
1230 []
1307 []
1317 []
1335 []
1352 []
1485 []
1551 []
1659 []
1681 []
1711 []
1733 []
1736 []
1826 []
1922 []
1929 []
1931 [8]
1949 []
1953 [1]
1954 [9]
1955 [2]
1956 [9]
1959 [5, 8]
1960 [1]
1961 [7]
1963 []
1981 []
1982 [8]
1983 [2]
1991 [7]
1995 []
1996 []
2001 []
2004 []
2032 []
2040 []
2106 [0]
2129 []
2133 []
2145 []
2187 []
2193 []
2197 []
2215 []
2226 []
2243 []
2248 []
2305 []
2324 [0]
2354 [4, 1]
2357 []
2372 []
2373 []
2388 []
2423 []
2424 []
2467 [1]
2538 []
2573 []
2576 []
2608 [0]
2626 []
2640 []
2651 []
2674 [2, 9, 0, 1]
2729 []
2739 []
2742 []
2784 []
2804 []
2805 []
2813 []
2818 []
2832 []
2861 []
2888 []
2906 []
2957 []
2959 []
2966 [0]
3007 []
3044 []
3088 []
3096 []
3097 []
3118 []
3123 []
3136 []
3145 []
3162 []
3164 []
3170 []
3185 []
3227 []
3280 []
3281 [4]
3378 []
3382 []
3389 [6]
3392 []
3415 []
3427 []
3428 [8, 3, 0, 2, 4, 5, 7, 6, 1]
3433 []
3452 []
3478 []
3501 [2]
3603 [5, 2]
3609 []
3613 []
3663 []
3710 [9]
3717 []
3723 []
3724 []
3735 [4]
3752 [1]
3754 []
3759 [5]
3778 []
3779 []
3784 [1, 3]
3787 []
3802 []
3820 []
3825 []
3830 []
3832 []
3839 []
3842 []
3845 []
3853 []
3857 []
3858 []
3860 []
3870 []
3881 []
3889 []
3890 [3, 9, 8]
3893 []
3895 []
3896 [4]
3898 []
3928 []
3932 []
3936 []
3954 []
3964 []
3967 []
3974 []
3994 []
4004 []
4006 []
4011 []
4017 []
4030 []
4037 []
4049 []
4050 [5, 7]
4053 []
4055 [4, 7, 0, 9, 5, 3, 2]
4070 []
4079 []
4094 []
4101 []
4102 []
4141 []
4144 []
4147 []
4149 []
4153 []
4154 []
4156 []
4157 []
4169 []
4172 []
4176 [1]
4179 []
4244 []
4260 [9]
4271 []
4280 []
4281 []
4283 [7]
4298 [2, 6, 1]
4303 [1, 5, 4, 9]
4323 []
4327 [5]
4331 []
4398 []
4415 []
4436 []
4458 []
4463 []
4478 []
4483 []
4490 []
4497 []
4510 []
4512 []
4520 []
4521 []
4568 []
4594 []
4599 []
4604 [6]
4606 [7]
4611 []
4646 [7, 3, 9, 4]
4706 []
4711 [3]
4739 []
4747 [0]
4757 []
4759 []
4763 [3]
4765 []
4767 []
4770 []
4776 []
4798 [6]
4799 []
4818 []
4883 []
4905 []
4920 [1, 3, 6, 8, 0]
4931 [1, 5]
4932 []
4969 []
4972 []
4985 []
4991 []
4992 []
5001 []
5008 []
5009 []
5013 []
5015 [6]
5017 []
5023 []
5056 []
5060 []
5062 []
5070 []
5072 []
5084 []
5087 []
5095 []
5099 []
5100 []
5117 [2, 0, 6]
5134 [2, 3]
5135 []
5139 []
5154 []
5165 []
5171 []
5191 []
5210 []
5211 []
5221 []
5222 []
5234 [5]
5250 []
5279 []
5280 []
5288 []
5289 []
5296 []
5306 []
5310 []
5331 []
5363 []
5377 []
5379 []
5409 []
5444 []
5474 []
5476 []
5486 []
5506 []
5511 []
5518 []
5519 []
5520 []
5534 [6]
5535 []
5537 []
5549 []
5588 []
5614 []
5634 []
5645 []
5651 [4]
5652 []
5686 []
5737 []
5744 []
5751 []
5773 []
5794 [5]
5889 []

 ONE_HIT: 0.17086834733893558