5 []
9 []
15 []
17 []
18 []
25 []
35 []
54 []
60 [1, 1]
62 []
64 []
67 []
89 []
103 []
105 []
124 [0, 0, 0]
130 []
176 []
195 []
206 []
254 []
302 []
376 []
382 [4, 4]
414 []
437 []
443 []
448 []
483 []
488 []
511 []
562 []
571 []
686 []
689 []
695 []
702 []
713 []
847 []
912 []
916 []
935 []
1002 [3, 1]
1190 [0, 0, 0, 3, 3, 3, 3, 3]
1225 []
1230 []
1307 []
1317 []
1335 []
1352 []
1485 []
1551 []
1659 []
1681 []
1711 []
1826 []
1922 []
1929 []
1931 []
1949 []
1953 []
1954 []
1955 []
1956 []
1959 [2]
1960 [2]
1961 []
1963 []
1981 []
1982 []
1983 []
1991 [3, 3]
1995 []
1996 []
2001 []
2004 []
2032 []
2040 []
2106 []
2129 []
2133 []
2187 []
2193 [0]
2197 []
2226 []
2243 []
2248 []
2305 []
2324 []
2354 [4, 4]
2372 []
2373 []
2388 []
2423 []
2467 [1, 1, 1]
2573 []
2576 []
2608 [2, 2, 2]
2626 []
2640 []
2651 []
2729 []
2739 []
2742 []
2784 []
2804 []
2813 []
2861 [3]
2888 []
2906 []
2957 []
2959 []
2966 []
3044 []
3088 [4]
3097 []
3118 []
3136 []
3145 []
3164 []
3170 []
3227 []
3281 [3]
3378 []
3382 []
3389 [0, 1]
3392 []
3415 []
3427 []
3428 []
3478 []
3501 []
3603 []
3609 []
3613 []
3663 []
3723 []
3724 []
3735 []
3752 []
3759 [2, 2]
3778 []
3779 []
3784 []
3787 []
3825 [0]
3830 []
3842 []
3845 []
3853 []
3857 []
3858 []
3870 []
3889 [3]
3890 [2, 2, 1]
3893 [1]
3895 []
3896 [2, 2]
3898 []
3928 [2]
3932 []
3936 []
3974 []
3994 []
4011 []
4017 []
4030 []
4050 []
4055 []
4070 []
4101 []
4102 []
4141 []
4144 []
4147 []
4149 []
4156 []
4157 []
4169 []
4172 []
4176 []
4179 []
4244 []
4271 []
4280 []
4281 []
4283 []
4298 [1, 1, 4, 4, 3, 4, 1, 1]
4303 []
4323 []
4327 [3]
4331 []
4398 []
4458 []
4463 []
4490 []
4497 []
4599 []
4604 [3, 3]
4606 []
4611 []
4646 [3, 3]
4706 []
4711 []
4739 []
4747 []
4757 []
4763 []
4799 []
4883 []
4920 [1, 1, 2, 2, 2, 0, 0]
4932 []
4972 []
4985 []
4992 []
5001 []
5008 []
5023 []
5056 []
5060 []
5062 []
5070 []
5072 []
5084 []
5087 []
5095 []
5099 []
5100 []
5117 [1, 1, 0, 0, 0]
5134 [1, 1, 2, 2, 2, 0, 0, 0]
5135 [2]
5154 []
5210 []
5221 [0]
5222 []
5250 []
5279 [3, 3]
5280 []
5289 []
5306 []
5310 []
5331 []
5363 [2, 4, 3]
5377 []
5379 []
5409 [2, 2, 2, 3, 3]
5474 []
5476 []
5486 []
5506 [4]
5511 []
5518 []
5519 []
5520 []
5534 []
5537 []
5549 []
5614 []
5634 [0, 0, 0, 0]
5686 []
5744 []
5794 []

 ONE_HIT: 0.14122137404580154