5 []
15 []
17 []
18 []
25 []
35 []
60 [1, 1]
64 []
89 []
103 []
105 []
124 [6, 6, 6, 0, 0, 0]
130 []
176 []
302 []
382 [4, 4]
414 []
437 []
443 []
488 []
571 []
689 []
702 []
847 []
912 []
935 []
1002 [3, 1]
1190 [0, 0, 0, 3, 3, 3, 3, 3]
1335 []
1352 [8, 8]
1485 []
1551 []
1711 []
1922 []
1931 []
1949 []
1953 []
1954 []
1955 []
1956 []
1959 [2]
1960 [2]
1961 [5, 6]
1982 []
1983 []
1991 [3, 3]
1996 []
2001 []
2032 []
2106 []
2133 []
2193 [0]
2197 []
2226 []
2248 []
2354 [4, 4]
2372 []
2423 []
2467 [1, 1, 1]
2573 []
2576 []
2608 [2, 2, 2]
2626 []
2651 []
2729 []
2784 []
2804 []
2861 [7]
2966 []
3044 []
3088 [4, 5]
3118 []
3136 [7, 7, 7, 7, 7]
3145 []
3281 [3]
3382 []
3389 [0, 1]
3428 []
3603 []
3609 []
3735 []
3752 []
3759 [2, 2]
3779 []
3784 [7, 7, 5]
3825 [0]
3830 []
3845 []
3853 []
3857 []
3858 []
3870 []
3889 [3]
3890 [2, 2, 1]
3896 [2, 2]
3898 []
3928 [7, 2]
3932 []
4030 []
4055 []
4102 []
4176 []
4244 []
4271 []
4281 []
4283 []
4298 [1, 1, 4, 4, 3, 4, 1, 1]
4303 []
4327 [6, 6, 3]
4331 []
4458 []
4490 []
4604 [3, 3]
4606 [5, 5, 5, 5]
4646 [3, 3]
4706 []
4711 []
4747 []
4763 []
4920 [1, 1, 2, 2, 2, 0, 0]
4932 []
4972 []
4985 []
4992 []
5008 []
5087 [7, 7]
5117 [1, 1, 0, 0, 0]
5134 [1, 1, 2, 2, 2, 0, 0, 0]
5210 []
5221 [0]
5279 [3, 3, 6, 6, 6, 6]
5289 []
5306 []
5310 []
5377 [6]
5409 [9, 9, 2, 2, 2, 3, 3]
5474 []
5486 [5, 8]
5506 [4, 5, 5]
5511 []
5518 []
5534 []
5744 []

 ONE_HIT: 0.2867132867132867