5 []
15 []
17 []
18 []
25 []
35 []
60 []
64 []
89 []
103 []
105 []
124 []
130 []
176 []
302 []
376 []
382 []
414 []
437 []
443 []
488 []
571 []
689 []
702 []
713 []
847 []
912 []
916 []
935 []
1002 []
1190 [0]
1335 []
1352 [8]
1485 []
1551 []
1711 []
1922 []
1929 []
1931 []
1949 []
1953 []
1954 []
1955 []
1956 []
1959 [2]
1960 [2]
1961 [5, 6]
1982 []
1983 []
1991 [3]
1996 []
2001 []
2032 []
2106 []
2133 []
2193 [0]
2197 []
2226 []
2248 []
2354 []
2372 []
2423 []
2467 [1]
2573 []
2576 []
2608 [2]
2626 []
2651 []
2729 []
2784 []
2804 []
2861 [7]
2959 [9]
2966 []
3044 []
3088 [4]
3118 []
3136 [7]
3145 []
3227 [7]
3281 [3]
3382 []
3389 [1]
3428 []
3478 [5]
3603 []
3609 []
3723 []
3735 []
3752 []
3759 []
3779 []
3784 []
3825 [0]
3830 []
3845 []
3853 []
3857 []
3858 []
3870 []
3889 [3]
3890 [2, 1]
3893 [1]
3895 []
3896 [2]
3898 []
3928 []
3932 []
3936 []
3974 [9]
4011 []
4030 []
4050 [5]
4055 []
4102 []
4149 []
4176 []
4244 []
4271 []
4281 []
4283 []
4298 [4, 1]
4303 []
4327 [6, 3]
4331 []
4458 []
4463 []
4490 []
4604 [3]
4606 [5]
4646 [3]
4706 []
4711 []
4747 []
4763 []
4920 [1, 2, 0]
4932 []
4972 []
4985 []
4992 []
5008 []
5023 []
5087 [7]
5095 []
5117 [1, 0]
5134 [1, 0]
5135 []
5210 []
5221 [0]
5279 []
5289 []
5306 []
5310 []
5363 [2, 4]
5377 []
5409 [9, 2]
5474 []
5486 [8]
5506 [5]
5511 []
5518 []
5534 []
5634 [0]
5686 []
5744 []
5794 []

 ONE_HIT: 0.23493975903614459