5 []
15 []
17 []
18 []
25 []
35 [1, 1]
60 [3, 3]
64 []
67 []
89 []
103 []
105 []
124 [9, 9, 9, 8, 8, 8]
130 []
176 []
195 []
302 []
376 [6]
382 [7, 7, 7, 4, 4]
414 []
437 []
443 []
448 []
483 []
488 []
511 []
571 []
689 []
702 []
713 []
847 []
912 [2]
916 []
935 []
1002 [3]
1190 [0, 0, 0, 0, 0]
1225 []
1335 []
1352 []
1485 []
1551 []
1711 []
1922 []
1929 [4]
1931 []
1949 []
1953 [5]
1954 [1, 1]
1955 [5]
1956 [1, 1, 1]
1959 [4]
1960 [4]
1961 [8, 5, 5, 7]
1982 []
1983 [1, 1]
1991 [5, 5]
1996 []
2001 []
2032 []
2106 [0]
2129 []
2133 []
2193 [3]
2197 []
2226 []
2243 []
2248 []
2305 []
2324 []
2354 [3, 3]
2372 []
2373 []
2388 []
2423 []
2467 [4, 7, 7, 7]
2573 []
2576 []
2608 [3, 3, 3, 3, 3]
2626 [5]
2651 []
2729 []
2739 []
2784 []
2804 []
2861 []
2888 []
2906 [1, 1]
2959 [6, 6]
2966 []
3044 [1, 1]
3088 []
3118 []
3136 [9, 9]
3145 []
3227 []
3281 []
3382 []
3389 []
3392 []
3428 [2, 2, 2]
3478 [8]
3501 []
3603 []
3609 []
3723 []
3735 []
3752 []
3759 []
3778 []
3779 []
3784 [3]
3825 [5]
3830 []
3845 []
3853 []
3857 []
3858 []
3870 []
3889 [4]
3890 [0, 9, 7]
3893 []
3895 []
3896 [5, 5]
3898 []
3928 []
3932 []
3936 []
3974 []
3994 []
4011 []
4030 [1, 1, 1, 1]
4050 []
4055 []
4101 []
4102 []
4149 []
4176 []
4179 []
4244 []
4271 []
4281 []
4283 []
4298 [4, 4, 2, 9, 9]
4303 [4, 4, 4, 8]
4323 []
4327 [5, 5, 3]
4331 [0]
4398 []
4458 []
4463 []
4490 []
4604 []
4606 [6, 6, 6, 6]
4611 []
4646 [0, 0]
4706 [7, 7]
4711 []
4739 []
4747 [3, 3, 3, 3]
4763 []
4920 [0, 0, 4, 4, 4, 2, 2, 2, 2, 1, 1]
4932 []
4972 []
4985 []
4992 []
5001 []
5008 []
5023 []
5060 []
5072 []
5087 [6, 6]
5095 []
5117 [2]
5134 [0, 0, 4, 4, 4, 1, 1, 1]
5135 []
5210 []
5221 []
5279 [0, 0]
5289 []
5306 [0, 5]
5310 []
5363 [3, 1]
5377 [5]
5379 []
5409 []
5474 []
5486 []
5506 []
5511 []
5518 []
5519 []
5520 []
5534 []
5537 []
5634 []
5686 []
5744 [4, 4]
5794 []

 ONE_HIT: 0.2676767676767677