5 []
15 []
17 []
18 []
35 [1]
60 []
64 []
89 []
103 []
105 []
124 []
130 []
376 []
382 [7]
414 []
437 []
443 []
571 []
689 []
702 []
749 []
791 []
912 [2]
916 []
935 []
1002 []
1190 []
1331 []
1352 []
1485 []
1711 []
1752 []
1929 [4]
1931 []
1949 []
1953 [5]
1954 [1]
1955 [5]
1956 [1]
1959 [4]
1960 [4]
1961 [8, 5, 7]
1982 []
1983 []
1991 [5]
2001 []
2032 []
2106 []
2193 [3]
2215 []
2226 []
2248 []
2338 [8, 2, 3]
2354 [3]
2372 []
2423 []
2467 [4, 7]
2608 [3]
2626 []
2651 []
2674 [4, 0]
2784 []
2832 []
2851 []
2857 []
2861 []
2883 [7]
2897 []
2912 []
2916 []
2921 []
2966 []
3044 [1]
3088 []
3118 []
3136 []
3145 []
3180 []
3227 []
3263 []
3281 []
3382 []
3389 []
3428 []
3452 []
3603 []
3710 [2, 1]
3717 []
3723 []
3735 []
3751 []
3752 []
3754 []
3759 []
3779 []
3784 []
3801 [3, 0]
3825 [5]
3837 [9]
3839 []
3845 []
3857 []
3858 []
3870 []
3889 [4]
3890 [0, 9]
3895 []
3896 [5]
3898 []
3928 []
3932 []
3954 [4]
3964 []
3974 []
4004 []
4011 []
4030 [1]
4037 []
4044 [9]
4050 []
4055 []
4061 []
4063 []
4094 []
4102 []
4127 []
4159 []
4176 []
4224 [4]
4244 []
4255 []
4260 [2, 6]
4281 []
4283 []
4298 [9]
4299 []
4303 [4, 8]
4327 [5, 3]
4331 []
4372 []
4374 [7]
4375 []
4378 []
4380 []
4458 []
4469 []
4472 []
4475 [0]
4490 []
4524 []
4568 [9]
4570 []
4571 []
4604 []
4606 [6]
4607 [4, 5, 9]
4646 [0]
4747 [3]
4791 []
4798 [5]
4897 []
4920 [0, 4, 2, 1]
4927 []
4931 [7]
4932 []
4944 []
4972 []
4985 []
4991 []
4992 []
5008 []
5009 []
5015 []
5023 []
5087 [6]
5095 []
5097 []
5117 [2]
5134 [0, 1]
5135 []
5139 []
5191 []
5210 []
5234 []
5279 []
5289 []
5306 [0]
5363 [3, 1]
5377 []
5409 []
5413 []
5486 []
5506 []
5508 []
5509 []
5511 []
5518 []
5525 []
5534 []
5547 []
5555 [3]
5556 []
5564 []
5565 []
5588 []
5597 []
5634 []
5642 []
5651 []
5689 []
5709 []
5724 []
5771 []
5782 []
5794 []
5863 []
5898 [4]

 ONE_HIT: 0.23963133640552994