5 []
15 []
17 [8, 5]
35 [2, 3]
60 []
64 []
89 []
103 [1]
105 []
124 []
130 []
376 []
382 []
414 []
437 []
443 []
571 []
689 []
702 []
791 []
912 [0, 4, 5]
916 []
935 []
1002 [0]
1190 [4, 1, 2]
1331 []
1352 []
1485 []
1711 []
1929 []
1931 [8]
1949 []
1953 [1]
1954 [9]
1955 [2]
1956 [9]
1959 [5, 8]
1960 [1]
1961 [7]
1982 [8]
1983 [2]
1991 [7]
2001 []
2032 []
2106 [0]
2193 []
2215 []
2226 []
2248 []
2354 [4, 1]
2372 []
2423 []
2467 [1]
2608 [0]
2626 []
2651 []
2674 [2, 9, 0, 1]
2784 []
2832 []
2857 []
2861 []
2966 [0]
3044 []
3088 []
3118 []
3136 []
3227 []
3281 [4]
3382 []
3389 [6]
3428 [8, 3, 0, 2, 4, 5, 7, 6, 1]
3452 []
3603 [5, 2]
3710 [9]
3717 []
3723 []
3735 [4]
3751 []
3752 [1]
3754 []
3759 [5]
3779 []
3784 [1, 3]
3857 []
3858 []
3870 []
3889 []
3890 [3, 9, 8]
3895 []
3896 [4]
3898 []
3928 []
3932 []
3954 []
3964 []
3974 []
4037 []
4044 []
4050 [5, 7]
4055 [4, 7, 0, 9, 5, 3, 2]
4094 []
4159 []
4176 [1]
4224 [1]
4244 []
4260 [9]
4281 []
4283 [7]
4298 [2, 6, 1]
4303 [1, 5, 4, 9]
4327 [5]
4331 []
4374 []
4490 []
4568 []
4571 []
4604 [6]
4606 [7]
4607 []
4646 [7, 3, 9, 4]
4747 [0]
4798 [6]
4897 [6, 8]
4920 [1, 3, 6, 8, 0]
4927 [7, 0, 3]
4931 [1, 5]
4932 []
4944 []
4972 []
4991 []
4992 []
5008 []
5015 [6]
5087 []
5095 []
5097 []
5117 [2, 0, 6]
5134 [2, 3]
5135 []
5139 []
5210 []
5234 [5]
5279 []
5289 []
5363 []
5377 []
5409 []
5486 []
5506 []
5511 []
5518 []
5534 [6]
5564 []
5651 [4]
5689 []
5794 [5]

 ONE_HIT: 0.3782051282051282