5 []
15 []
17 []
35 []
60 []
64 []
89 []
103 []
105 []
124 []
130 []
376 []
382 []
414 []
437 []
443 []
571 []
689 []
702 []
791 []
912 []
916 []
935 []
1002 []
1190 [0]
1331 []
1352 [8]
1485 []
1711 []
1929 []
1931 []
1949 []
1953 []
1954 []
1955 []
1956 []
1959 [2]
1960 [2]
1961 [5, 6]
1982 []
1983 []
1991 [3]
2001 []
2032 []
2106 []
2193 [0]
2215 []
2226 []
2248 []
2338 [3, 7]
2354 []
2372 []
2423 []
2467 [1]
2608 [2]
2626 []
2651 []
2674 [4, 2]
2784 []
2832 []
2851 []
2857 []
2861 [7]
2883 []
2897 []
2912 [8]
2916 [6]
2921 []
2966 []
3044 []
3088 [4]
3118 []
3136 [7]
3180 [3]
3227 [7]
3263 []
3281 [3]
3382 []
3389 [1]
3428 []
3452 [7]
3603 []
3710 []
3717 []
3723 []
3735 []
3751 []
3752 []
3754 []
3759 []
3779 []
3784 []
3801 [0]
3837 []
3857 []
3858 []
3870 []
3889 [3]
3890 [2, 1]
3895 []
3896 [2]
3898 []
3928 []
3932 []
3954 []
3964 [6]
3974 [9]
4037 [5]
4044 []
4050 [5]
4055 []
4094 []
4127 []
4159 []
4176 []
4224 []
4244 []
4255 []
4260 []
4281 []
4283 []
4298 [4, 1]
4299 []
4303 []
4327 [6, 3]
4331 []
4372 []
4374 []
4375 []
4378 [5]
4380 []
4472 []
4475 []
4490 []
4524 [5]
4568 [4]
4570 []
4571 []
4604 [3]
4606 [5]
4607 [7]
4646 [3]
4747 []
4791 []
4798 [4]
4897 []
4920 [1, 2, 0]
4927 []
4931 []
4932 []
4944 []
4972 []
4991 []
4992 []
5008 []
5015 []
5087 [7]
5095 []
5097 []
5117 [1, 0]
5134 [1, 0]
5135 []
5139 []
5210 []
5234 []
5279 []
5289 []
5363 [2, 4]
5377 []
5409 [9, 2]
5413 []
5486 [8]
5506 [5]
5509 [1, 6]
5511 []
5518 []
5525 []
5534 []
5547 []
5555 []
5564 []
5642 []
5651 []
5689 []
5709 []
5724 []
5771 []
5782 []
5794 []

 ONE_HIT: 0.25396825396825395