5 []
15 []
17 []
35 [2, 3]
60 []
64 []
89 []
103 [1]
105 []
124 []
130 []
376 []
382 []
414 []
437 []
443 []
571 []
689 []
702 []
791 []
912 [0, 4]
916 []
935 []
1002 [0]
1190 [4, 1, 2]
1331 []
1352 []
1485 []
1711 []
1929 []
1931 []
1949 []
1953 [1]
1954 []
1955 [2]
1956 []
1959 []
1960 [1]
1961 []
1982 []
1983 [2]
1991 []
2001 []
2032 []
2106 [0]
2193 []
2215 []
2226 []
2248 []
2338 []
2354 [4, 1]
2372 []
2423 []
2467 [1]
2608 [0]
2626 []
2651 []
2674 [2, 0, 1]
2784 []
2832 []
2851 [1]
2857 []
2861 []
2883 []
2897 []
2912 [3]
2916 []
2921 []
2966 [0]
3044 []
3088 []
3118 []
3136 []
3180 []
3227 []
3263 []
3281 [4]
3382 []
3389 []
3428 [3, 0, 2, 4, 1]
3452 []
3603 [2]
3710 []
3717 []
3723 []
3735 [4]
3751 []
3752 [1]
3754 []
3759 []
3779 []
3784 [1, 3]
3801 []
3837 []
3857 []
3858 []
3870 []
3889 []
3890 [3]
3895 []
3896 [4]
3898 []
3928 []
3932 []
3954 []
3964 []
3974 []
4037 []
4044 []
4050 []
4055 [4, 0, 3, 2]
4094 []
4127 []
4159 []
4176 [1]
4224 [1]
4244 []
4255 []
4260 []
4281 []
4283 []
4298 [2, 1]
4299 []
4303 [1, 4]
4327 []
4331 []
4372 []
4374 []
4375 []
4378 []
4380 []
4472 [0]
4475 [2]
4490 []
4524 [1]
4568 []
4570 []
4571 []
4604 []
4606 []
4607 []
4646 [3, 4]
4747 [0]
4791 []
4798 []
4897 []
4920 [1, 3, 0]
4927 [0, 3]
4931 [1]
4932 []
4944 []
4972 []
4991 []
4992 []
5008 []
5015 []
5087 []
5095 []
5097 []
5117 [2, 0]
5134 [2, 3]
5135 []
5139 []
5210 []
5234 []
5279 []
5289 []
5363 []
5377 []
5409 []
5413 []
5486 []
5506 []
5509 []
5511 []
5518 []
5525 []
5534 []
5547 []
5555 []
5564 []
5642 []
5651 [4]
5689 []
5709 []
5724 []
5771 [3, 4]
5782 []
5794 []

 ONE_HIT: 0.2222222222222222