5 []
9 []
15 []
17 [8, 5, 5]
18 []
25 []
35 [2, 2, 3, 3, 3]
54 []
60 [2]
62 []
64 []
67 []
89 []
103 [1, 1]
105 []
124 []
130 [1]
176 []
206 []
254 []
302 []
382 [9, 9]
414 []
437 []
443 []
448 []
483 []
488 []
511 []
562 []
571 []
686 []
689 [2]
695 []
702 []
847 []
912 [0, 4, 5]
935 []
1002 [0, 0, 0]
1190 [4, 9, 1, 2, 2, 2]
1225 []
1307 []
1317 []
1335 []
1352 []
1485 []
1551 []
1659 []
1681 []
1711 []
1826 []
1922 []
1931 [8, 8]
1949 []
1953 [1]
1954 [9, 9]
1955 [2, 2]
1956 [9, 9, 9]
1959 [5, 5, 8]
1960 [1]
1961 [7, 3]
1981 []
1982 [8, 8]
1983 [2, 1, 1]
1991 [7, 7]
1995 []
1996 []
2001 []
2032 []
2040 []
2106 [0]
2129 []
2133 []
2187 []
2193 []
2197 []
2226 []
2243 []
2248 []
2324 [0, 0]
2354 [4, 1, 1]
2372 []
2373 []
2388 []
2423 []
2467 [1]
2573 []
2576 []
2608 [0, 0, 0, 0, 0]
2626 [5]
2640 []
2651 []
2729 []
2739 []
2742 []
2784 []
2804 []
2813 []
2861 []
2888 []
2906 []
2966 [0, 0]
3044 []
3088 []
3097 [3]
3118 []
3136 []
3145 []
3164 []
3170 []
3281 [4]
3382 []
3389 [7, 6]
3392 []
3427 []
3428 [8, 8, 3, 5, 5, 7, 6, 6, 6, 0, 0, 2, 4, 5, 7, 7, 6, 1]
3501 [2]
3603 [5, 5, 2, 2, 3, 3, 3]
3609 []
3613 []
3663 []
3724 []
3735 [4]
3752 [1, 1, 1]
3759 [5, 5, 5, 0, 0, 0]
3778 []
3779 []
3784 [1, 1, 3]
3787 []
3825 []
3830 []
3842 []
3845 []
3853 []
3857 []
3858 []
3870 []
3889 []
3890 [3, 9, 8]
3896 [4, 2, 2, 2, 2, 2]
3898 []
3928 []
3932 []
3994 []
4017 []
4030 []
4055 [4, 7, 7, 0, 0, 9, 5, 5, 3, 2]
4070 []
4102 []
4141 []
4144 []
4147 []
4156 []
4157 []
4169 []
4176 [1]
4179 []
4244 [9, 1, 1]
4271 []
4281 []
4283 [7, 7]
4298 [2, 2, 6, 1]
4303 [7, 1, 1, 9, 5, 5, 4, 4, 4, 9]
4327 [5]
4331 []
4458 []
4490 []
4599 []
4604 [6, 6, 6]
4606 [7, 7]
4611 []
4646 [7, 7, 3, 4, 9, 9, 4, 4]
4706 []
4711 [3, 3]
4739 []
4747 [0, 0]
4763 [3]
4799 []
4883 []
4920 [1, 1, 3, 3, 6, 6, 6, 6, 8, 8, 0]
4932 []
4972 []
4985 []
4992 []
5001 []
5008 [1]
5060 []
5072 []
5084 []
5087 []
5099 []
5100 []
5117 [2, 2, 0, 3, 6]
5134 [2, 3, 3]
5154 []
5210 []
5221 []
5222 []
5250 []
5279 [6, 6]
5289 []
5306 []
5310 []
5331 []
5377 []
5379 []
5409 []
5474 []
5476 []
5486 [9]
5506 [8]
5511 []
5518 []
5534 [6, 6]
5537 []
5549 []
5614 []
5744 []

 ONE_HIT: 0.2798165137614679