5 []
15 []
17 []
18 []
25 []
35 []
60 [1, 1]
64 []
67 []
89 []
103 []
105 []
124 [0, 0, 0]
130 []
176 []
195 []
302 []
376 []
382 []
414 []
437 []
443 []
448 []
483 []
488 []
511 []
571 []
689 []
690 []
702 []
713 []
749 []
762 []
786 []
791 []
799 []
843 []
847 []
912 []
916 []
935 []
1002 [1]
1190 [0, 0, 0]
1225 []
1284 []
1331 []
1335 []
1352 []
1485 []
1551 []
1711 []
1733 []
1736 []
1752 []
1822 []
1922 []
1929 []
1931 []
1949 []
1953 []
1954 []
1955 []
1956 []
1959 [2]
1960 [2]
1961 []
1982 []
1983 []
1991 []
1996 []
2001 []
2032 []
2106 []
2129 []
2133 []
2178 []
2193 [0]
2197 []
2215 []
2216 []
2226 []
2243 []
2248 []
2305 []
2324 []
2338 []
2354 []
2357 []
2372 []
2373 []
2388 []
2423 []
2424 []
2467 [1, 1, 1]
2573 []
2576 []
2608 [2, 2, 2]
2626 []
2647 []
2651 []
2674 [2, 2, 2, 2, 2, 2]
2720 [2, 2, 2, 2]
2729 []
2739 []
2784 []
2804 []
2805 []
2818 [0]
2832 []
2834 []
2851 []
2857 []
2861 []
2883 []
2888 []
2897 []
2904 []
2906 []
2912 []
2916 []
2921 []
2959 []
2966 []
3044 []
3088 []
3118 []
3134 []
3136 []
3145 []
3162 []
3180 []
3227 []
3263 []
3281 []
3382 []
3389 [0, 1]
3392 []
3428 []
3452 []
3478 []
3501 []
3603 []
3604 [0, 0, 0, 0, 0]
3609 []
3610 []
3627 []
3710 []
3717 []
3723 []
3735 []
3738 []
3751 []
3752 []
3754 []
3759 [2, 2]
3764 [2, 2, 2]
3774 []
3778 []
3779 []
3784 []
3801 [0, 0]
3802 []
3809 []
3820 []
3825 [0]
3830 []
3833 []
3835 []
3837 []
3839 []
3845 []
3853 []
3857 []
3858 []
3860 []
3870 []
3881 []
3888 [0]
3889 []
3890 [2, 2, 1]
3893 [1]
3895 []
3896 [2, 2]
3898 []
3924 []
3928 [2]
3932 []
3936 []
3954 []
3964 []
3974 []
3994 []
4004 []
4011 []
4030 []
4037 []
4038 [0]
4044 []
4049 []
4050 []
4055 []
4061 []
4063 []
4079 []
4094 []
4101 []
4102 []
4127 []
4129 []
4139 []
4149 []
4159 []
4176 []
4179 []
4197 []
4224 []
4244 []
4255 []
4260 []
4271 []
4281 []
4283 []
4295 []
4298 [1, 1, 1, 1]
4299 []
4303 []
4323 []
4327 []
4331 []
4334 []
4338 [1]
4372 []
4374 []
4375 []
4378 []
4379 []
4380 []
4398 []
4458 []
4463 []
4469 []
4472 []
4475 []
4490 []
4510 []
4520 []
4521 []
4524 []
4552 []
4568 []
4570 []
4571 []
4604 []
4606 []
4607 []
4611 []
4646 []
4658 []
4681 []
4706 []
4711 []
4739 []
4747 []
4763 []
4791 []
4795 []
4798 []
4896 []
4897 []
4905 []
4918 []
4920 [1, 1, 2, 2, 2, 0, 0]
4927 []
4931 []
4932 []
4944 []
4970 []
4972 []
4985 []
4991 []
4992 []
5001 []
5008 []
5009 []
5013 []
5014 []
5015 []
5017 []
5023 []
5038 []
5060 []
5072 []
5087 []
5095 []
5097 []
5117 [1, 1, 0, 0, 0]
5118 []
5134 [1, 1, 2, 2, 2, 0, 0, 0]
5135 [2]
5139 []
5144 []
5165 []
5168 []
5182 []
5191 []
5194 []
5210 []
5221 [0]
5232 []
5234 []
5252 []
5279 []
5289 []
5293 []
5306 []
5310 []
5363 [2]
5377 []
5379 []
5409 [2, 2, 2]
5413 []
5415 []
5444 []
5447 []
5474 []
5486 []
5500 []
5506 []
5508 []
5509 [1]
5511 []
5518 []
5519 []
5520 []
5525 []
5534 []
5535 []
5537 []
5547 []
5555 []
5556 []
5564 []
5565 []
5588 []
5594 []
5597 []
5600 []
5603 []
5604 []
5634 [0, 0, 0, 0]
5642 []
5643 []
5645 []
5646 []
5647 []
5650 []
5651 [1, 1, 1, 1]
5653 []
5655 []
5660 []
5686 []
5689 []
5697 []
5706 []
5709 []
5717 []
5724 []
5727 []
5728 []
5731 []
5737 []
5738 []
5740 []
5744 []
5751 []
5761 []
5762 []
5771 []
5773 []
5774 []
5782 []
5794 []
5842 []
5863 [2, 2]
5889 []
5893 [0, 0]
5898 []
5905 []

 ONE_HIT: 0.0979381443298969