5 []
15 []
17 [8, 5, 5]
18 []
35 [2, 2, 3, 3, 3]
60 [2]
64 []
89 []
103 [1, 1]
105 []
124 []
130 [1]
376 []
382 [9, 9]
414 []
437 []
443 []
571 []
689 [2]
702 []
749 []
791 []
912 [0, 4, 5]
916 []
935 []
1002 [0, 0, 0]
1190 [4, 9, 1, 2, 2, 2]
1331 []
1352 []
1485 []
1711 []
1752 []
1929 []
1931 [8, 8]
1949 []
1953 [1]
1954 [9, 9]
1955 [2, 2]
1956 [9, 9, 9]
1959 [5, 5, 8]
1960 [1]
1961 [7, 3]
1982 [8, 8]
1983 [2, 1, 1]
1991 [7, 7]
2001 []
2032 []
2106 [0]
2193 []
2215 []
2226 []
2248 []
2338 [0, 7, 1, 3, 3, 8]
2354 [4, 1, 1]
2372 []
2423 []
2467 [1]
2608 [0, 0, 0, 0, 0]
2626 [5]
2651 []
2674 [2, 2, 9, 9, 0, 0, 1, 1]
2784 []
2832 []
2851 [9, 1]
2857 []
2861 []
2883 []
2897 []
2912 [3]
2916 []
2921 []
2966 [0, 0]
3044 []
3088 []
3118 []
3136 []
3145 []
3180 []
3227 [6, 6]
3263 [8, 8]
3281 [4]
3382 []
3389 [7, 6]
3428 [8, 8, 3, 5, 5, 7, 6, 6, 6, 0, 0, 2, 4, 5, 7, 7, 6, 1]
3452 []
3603 [5, 5, 2, 2, 3, 3, 3]
3710 [9, 9]
3717 []
3723 []
3735 [4]
3751 [0]
3752 [1, 1, 1]
3754 []
3759 [5, 5, 5, 0, 0, 0]
3779 []
3784 [1, 1, 3]
3801 []
3825 []
3837 []
3839 []
3845 []
3857 []
3858 []
3870 []
3889 []
3890 [3, 9, 8]
3895 []
3896 [4, 2, 2, 2, 2, 2]
3898 []
3928 []
3932 []
3954 []
3964 []
3974 []
4004 []
4011 [7, 7]
4030 []
4037 []
4044 []
4050 [5, 5, 5, 7, 7, 7, 7]
4055 [4, 7, 7, 0, 0, 9, 5, 5, 3, 2]
4061 []
4063 []
4094 []
4102 []
4127 [8, 8, 8]
4159 []
4176 [1]
4224 [1, 1]
4244 [9, 1, 1]
4255 []
4260 [9]
4281 []
4283 [7, 7]
4298 [2, 2, 6, 1]
4299 [7, 7]
4303 [7, 1, 1, 9, 5, 5, 4, 4, 4, 9]
4327 [5]
4331 []
4372 []
4374 []
4375 []
4378 [9]
4380 []
4458 []
4469 []
4472 [0]
4475 [2]
4490 []
4524 [1]
4568 []
4570 []
4571 []
4604 [6, 6, 6]
4606 [7, 7]
4607 []
4646 [7, 7, 3, 4, 9, 9, 4, 4]
4747 [0, 0]
4791 []
4798 [6]
4897 [6, 6, 8, 8]
4920 [1, 1, 3, 3, 6, 6, 6, 6, 8, 8, 0]
4927 [7, 7, 7, 0, 3]
4931 [1, 1, 5, 5, 5]
4932 []
4944 []
4972 []
4985 []
4991 [7, 7]
4992 []
5008 [1]
5009 []
5015 [6, 6]
5023 []
5087 []
5095 []
5097 []
5117 [2, 2, 0, 3, 6]
5134 [2, 3, 3]
5135 []
5139 []
5191 []
5210 []
5234 [5, 5]
5279 [6, 6]
5289 []
5306 []
5363 []
5377 []
5409 []
5413 []
5486 [9]
5506 [8]
5508 []
5509 []
5511 []
5518 []
5525 []
5534 [6, 6]
5547 []
5555 []
5556 []
5564 [3, 3]
5565 []
5588 []
5597 []
5634 []
5642 []
5651 [4, 4, 4]
5689 []
5709 []
5724 [1]
5771 [3, 4]
5782 []
5794 [5, 5]
5863 []
5898 []

 ONE_HIT: 0.39631336405529954