5 []
9 []
15 []
17 [18]
18 []
25 []
35 [2, 13, 10, 19]
54 []
60 [11]
62 []
64 [14]
67 []
89 []
103 [7, 16, 12, 8, 6]
105 []
124 []
130 []
176 []
195 []
206 [12]
254 []
302 []
376 [4]
377 []
382 []
414 [8]
436 []
437 [14, 17, 4, 3, 7, 8, 2]
443 []
448 []
483 []
488 []
511 []
562 []
571 []
595 []
604 []
605 []
623 []
651 []
655 []
657 []
676 []
686 []
689 [4]
690 [2]
695 []
702 []
713 []
743 []
749 []
762 [6]
783 []
786 []
791 []
799 []
843 []
847 []
912 [15]
916 []
918 []
919 []
935 [14, 16, 18, 17, 10, 3, 2, 8, 9, 0, 12, 13, 19]
1002 []
1134 []
1190 [19, 5, 15, 1, 0]
1225 []
1230 []
1284 []
1307 [7]
1317 []
1331 []
1335 []
1352 [16]
1392 []
1485 [13]
1551 []
1569 []
1659 []
1681 []
1698 []
1711 [12, 11]
1725 [0]
1733 []
1736 []
1752 []
1822 []
1826 []
1913 []
1922 []
1929 [9]
1931 [3]
1949 [3, 13, 0, 18, 4]
1953 [13]
1954 [2]
1955 []
1956 [1]
1959 [18]
1960 []
1961 [10, 17]
1963 []
1981 []
1982 [1]
1983 [1, 18, 2]
1991 []
1995 []
1996 []
2001 []
2004 []
2032 []
2040 []
2106 [11, 15]
2129 []
2133 []
2145 []
2165 []
2178 []
2187 []
2189 []
2193 [14]
2197 []
2215 [13]
2216 []
2226 [18, 19, 16, 14, 11]
2243 []
2248 []
2305 []
2317 []
2324 []
2338 [15, 14, 19, 18, 0, 4, 5]
2354 [7]
2357 []
2372 []
2373 []
2388 []
2414 []
2423 []
2424 []
2467 [13]
2523 []
2538 []
2573 []
2576 []
2608 [4]
2619 []
2626 []
2639 []
2640 []
2647 []
2651 []
2674 [9, 13, 7, 1]
2720 []
2729 []
2739 []
2742 []
2765 []
2784 []
2804 []
2805 [8]
2813 []
2818 []
2832 []
2834 []
2851 [10]
2857 []
2861 [1, 14, 12, 18]
2883 []
2888 []
2897 []
2900 []
2904 []
2906 [3]
2910 []
2912 []
2916 []
2921 [7]
2922 []
2957 []
2959 []
2966 [15]
2972 []
3006 []
3007 []
3044 [6]
3088 []
3090 []
3096 []
3097 []
3099 []
3118 []
3123 []
3134 []
3136 []
3145 []
3162 []
3164 []
3170 []
3176 []
3180 [6]
3185 []
3205 []
3213 []
3227 []
3263 []
3280 []
3281 [13, 16]
3302 [3]
3378 []
3382 []
3389 []
3392 []
3415 []
3427 []
3428 [0, 11, 4, 13, 5, 19, 9, 6, 8, 17]
3433 []
3452 []
3478 []
3501 []
3520 []
3603 [19]
3604 []
3609 []
3610 []
3613 []
3627 []
3663 []
3710 [3, 16, 11, 2, 18]
3717 [8]
3723 []
3724 []
3735 [1]
3736 []
3738 []
3751 []
3752 []
3754 []
3759 []
3764 [17]
3767 []
3774 []
3778 []
3779 []
3784 [10, 16, 1]
3787 []
3801 [4, 0]
3802 []
3809 []
3820 []
3825 []
3830 [9]
3832 []
3833 []
3835 []
3837 []
3839 []
3842 []
3845 [17]
3853 []
3857 []
3858 []
3860 [11]
3870 []
3881 []
3888 []
3889 []
3890 [8, 19, 5, 1]
3893 []
3895 []
3896 []
3898 [11]
3911 []
3924 []
3928 []
3932 []
3936 []
3954 [7]
3964 []
3967 [10]
3974 [8, 7, 0]
3994 []
4004 [5]
4006 []
4011 []
4017 []
4018 []
4030 [2]
4037 []
4038 []
4044 [18]
4046 []
4049 []
4050 [4]
4053 []
4055 [5, 11, 15, 19, 13, 1]
4058 []
4059 []
4061 []
4063 [13]
4070 []
4079 []
4094 []
4101 []
4102 []
4127 []
4129 [0]
4139 []
4141 []
4143 []
4144 []
4147 []
4149 []
4153 []
4154 []
4156 []
4157 []
4159 []
4169 []
4172 []
4176 [9]
4179 []
4197 []
4224 [12, 7]
4244 []
4246 []
4255 []
4260 [5, 15]
4271 []
4280 []
4281 []
4283 []
4295 []
4298 [1, 12, 19]
4299 [18]
4303 [9, 11, 18, 13]
4323 []
4324 []
4327 [1, 12]
4331 [7]
4334 []
4338 []
4352 []
4363 []
4372 []
4374 [15, 12]
4375 []
4378 []
4379 []
4380 []
4386 []
4398 []
4400 []
4415 []
4434 []
4436 []
4451 []
4458 []
4463 []
4467 []
4469 []
4472 []
4475 [0, 12]
4478 []
4483 []
4490 []
4497 []
4510 [8]
4512 []
4520 []
4521 []
4524 []
4552 []
4568 [18]
4570 []
4571 []
4575 []
4588 []
4589 []
4594 []
4598 []
4599 []
4604 [19]
4605 []
4606 []
4607 [7, 9]
4611 []
4627 []
4629 []
4640 []
4646 [18, 14, 3, 11]
4658 []
4659 []
4668 []
4671 []
4681 []
4702 []
4706 []
4711 []
4725 []
4739 []
4747 [5]
4757 []
4759 []
4760 []
4763 []
4765 []
4767 []
4769 []
4770 []
4773 []
4776 []
4791 []
4794 []
4795 []
4798 [10]
4799 []
4811 []
4818 []
4828 []
4833 []
4883 []
4896 []
4897 [4, 16]
4905 []
4918 []
4920 [0, 9, 2, 19, 15, 1, 13, 8]
4927 [16, 12, 5]
4931 [15, 14]
4932 [16]
4933 []
4944 []
4969 []
4970 []
4972 []
4973 []
4979 []
4985 []
4991 []
4992 []
4999 []
5001 []
5008 []
5009 []
5013 []
5014 []
5015 [14, 0]
5017 []
5023 []
5024 []
5038 []
5040 []
5056 []
5060 []
5062 []
5070 [18]
5072 []
5084 [17]
5087 []
5095 [9, 4]
5097 []
5099 []
5100 []
5110 []
5117 [12, 9, 7, 4, 0]
5118 []
5121 []
5134 [3, 4, 9]
5135 [11]
5139 [11]
5144 []
5154 []
5165 []
5168 []
5170 []
5171 []
5182 []
5191 [15]
5194 []
5210 []
5211 []
5221 []
5222 []
5232 []
5234 []
5250 []
5252 []
5279 []
5280 []
5288 []
5289 []
5293 []
5296 []
5306 [8, 0]
5310 [8]
5331 []
5346 []
5349 []
5363 [14, 9, 5]
5364 [13]
5377 []
5379 []
5400 []
5406 []
5409 []
5413 []
5415 []
5434 []
5444 []
5447 []
5457 []
5474 []
5476 []
5486 []
5492 []
5500 []
5506 []
5508 []
5509 []
5510 [6]
5511 [8]
5518 []
5519 []
5520 []
5521 [3]
5524 []
5525 []
5534 []
5535 []
5537 []
5547 []
5549 []
5553 []
5555 [7]
5556 []
5561 []
5564 []
5565 []
5588 []
5594 []
5597 []
5600 []
5601 []
5603 []
5604 []
5614 []
5629 [9]
5631 []
5633 []
5634 []
5642 []
5643 []
5645 []
5646 []
5647 []
5650 []
5651 []
5652 []
5653 []
5655 []
5660 []
5670 []
5686 []
5689 [14, 17]
5697 [11]
5706 []
5709 []
5717 [6]
5718 []
5724 []
5727 []
5728 [15, 3, 10, 5]
5730 []
5731 []
5737 []
5738 []
5740 []
5741 []
5744 []
5751 []
5760 []
5761 []
5762 []
5767 [8]
5771 [1]
5773 []
5774 []
5777 []
5782 [18]
5786 []
5791 []
5794 []
5796 []
5841 []
5842 []
5863 []
5889 [1]
5891 []
5893 []
5898 [8]
5903 []
5905 []

 ONE_HIT: 0.20166666666666666