5 []
15 []
17 []
35 []
60 []
64 []
89 []
103 []
105 []
124 []
130 []
376 []
382 []
414 []
437 [1]
443 []
571 []
689 [2]
702 []
912 [0]
916 []
935 [0, 2]
1002 []
1190 [0, 2]
1352 []
1485 []
1711 []
1929 []
1931 []
1949 [1, 2]
1953 []
1954 [1]
1955 [1]
1956 [1]
1959 []
1960 []
1961 []
1982 []
1983 [2]
1991 []
2001 []
2032 []
2106 []
2193 [0]
2226 []
2248 []
2354 []
2372 []
2423 []
2467 [0, 2]
2608 []
2626 []
2651 []
2784 []
2861 []
2966 []
3044 []
3088 []
3118 []
3136 []
3227 []
3281 []
3382 []
3389 [1]
3428 []
3603 []
3723 []
3735 [1]
3752 []
3759 []
3779 []
3784 []
3857 []
3858 []
3870 []
3889 []
3890 []
3895 []
3896 []
3898 []
3928 []
3932 []
3974 []
4050 []
4055 [0]
4176 [0]
4244 []
4281 []
4283 []
4298 []
4303 [1]
4327 []
4331 []
4490 []
4604 []
4606 []
4646 []
4747 [0]
4920 [2, 0]
4932 []
4972 []
4992 []
5008 []
5087 []
5095 []
5117 [1, 0, 2]
5134 [0, 2]
5135 []
5210 []
5279 []
5289 []
5363 []
5377 []
5409 []
5486 []
5506 []
5511 []
5518 []
5534 []
5794 []

 ONE_HIT: 0.175