5 []
15 []
17 [14]
35 [8, 9]
60 []
64 [6]
89 []
103 [18, 13, 10, 4, 12, 0]
105 []
124 [9, 11]
130 []
376 []
382 [7]
414 [8]
437 [13, 17, 11, 5, 1, 7, 6]
443 []
571 []
689 []
702 []
791 []
912 [0, 4, 7]
916 []
935 [16, 2, 6, 10, 1, 3, 12, 0, 4, 19, 17]
1002 [2]
1190 [17, 7, 10, 1, 4, 2, 16]
1331 []
1352 []
1485 []
1711 [2, 18, 4, 3]
1929 []
1931 [14]
1949 [14, 1, 2, 18]
1953 [7]
1954 [11]
1955 [9]
1956 [7]
1959 [10, 14, 19]
1960 [7]
1961 [12]
1982 [14]
1983 [16, 6, 13, 19]
1991 [19]
2001 []
2032 []
2106 [1]
2193 []
2215 []
2226 [2]
2248 []
2354 [16, 4]
2372 []
2423 []
2467 [2]
2608 [0]
2626 []
2651 []
2674 [2, 3, 13, 0, 1]
2784 []
2832 []
2857 []
2861 [17]
2966 [0]
3044 [15, 7]
3088 [0]
3118 []
3136 [16]
3227 []
3281 [8, 14]
3382 []
3389 [17]
3428 [11, 19, 0, 7, 13, 14, 17, 9, 18, 2, 1, 15, 3]
3452 []
3603 [15, 5]
3710 [18, 6]
3717 [4]
3723 []
3735 [15, 8, 4]
3751 []
3752 [4]
3754 [16]
3759 [10]
3779 []
3784 [8, 1, 11, 6]
3857 []
3858 [6]
3870 []
3889 []
3890 [10, 11, 12, 18, 14, 9, 17, 8, 16]
3895 []
3896 [10]
3898 []
3928 []
3932 [3]
3954 [11]
3964 [1]
3974 [3]
4037 [3]
4044 []
4050 [7, 3, 12]
4055 [19, 9, 12, 18, 1, 7, 17, 16, 10, 0, 8, 5, 4, 15, 6]
4094 [5]
4159 []
4176 [3]
4224 [18, 2, 19]
4244 []
4260 [0, 17]
4281 [0]
4283 [12]
4298 [4, 9, 3, 16]
4303 [3, 19, 15, 9, 11, 0]
4327 [18, 6, 11]
4331 []
4374 []
4490 []
4568 []
4571 []
4604 [11]
4606 [2, 16]
4607 []
4646 [15, 9, 10]
4747 [0, 5]
4798 []
4897 [8, 13]
4920 [5, 6, 8, 14, 17, 1, 3, 19, 2, 15]
4927 [11, 0, 12, 5]
4931 [2, 7]
4932 []
4944 []
4972 []
4991 []
4992 []
5008 []
5015 [14]
5087 []
5095 [11, 17]
5097 []
5117 [7, 18, 4, 14]
5134 [6, 8, 1]
5135 []
5139 [10]
5210 [7]
5234 [10]
5279 [12]
5289 []
5363 [4]
5377 []
5409 []
5486 []
5506 []
5511 []
5518 []
5534 [11]
5564 []
5651 [17, 6, 1]
5689 []
5794 [8, 18]

 ONE_HIT: 0.5512820512820513