5 []
9 []
15 []
17 [18]
18 []
25 []
35 [2, 13, 10, 19]
54 []
60 [11]
62 []
64 [14]
67 []
89 []
103 [7, 16, 12, 8, 6]
105 []
124 []
130 []
176 []
195 []
206 [12]
254 []
302 []
376 [4]
377 []
382 []
414 [8]
437 [14, 17, 4, 3, 7, 8, 2]
443 []
448 []
483 []
488 []
511 []
562 []
571 []
595 []
604 []
605 []
623 []
655 []
676 []
686 []
689 [4]
695 []
702 []
713 []
786 []
843 []
847 []
912 [15]
916 []
919 []
935 [14, 16, 18, 17, 10, 3, 2, 8, 9, 0, 12, 13, 19]
1002 []
1134 []
1190 [19, 5, 15, 1, 0]
1225 []
1230 []
1307 [7]
1317 []
1335 []
1352 [16]
1485 [13]
1551 []
1659 []
1681 []
1711 [12, 11]
1733 []
1736 []
1826 []
1922 []
1929 [9]
1931 [3]
1949 [3, 13, 0, 18, 4]
1953 [13]
1954 [2]
1955 []
1956 [1]
1959 [18]
1960 []
1961 [10, 17]
1963 []
1981 []
1982 [1]
1983 [1, 18, 2]
1991 []
1995 []
1996 []
2001 []
2004 []
2032 []
2040 []
2106 [11, 15]
2129 []
2133 []
2145 []
2187 []
2193 [14]
2197 []
2215 [13]
2226 [18, 19, 16, 14, 11]
2243 []
2248 []
2305 []
2324 []
2354 [7]
2357 []
2372 []
2373 []
2388 []
2423 []
2424 []
2467 [13]
2538 []
2573 []
2576 []
2608 [4]
2626 []
2640 []
2651 []
2674 [9, 13, 7, 1]
2729 []
2739 []
2742 []
2784 []
2804 []
2805 [8]
2813 []
2818 []
2832 []
2861 [1, 14, 12, 18]
2888 []
2906 [3]
2957 []
2959 []
2966 [15]
3007 []
3044 [6]
3088 []
3096 []
3097 []
3118 []
3123 []
3136 []
3145 []
3162 []
3164 []
3170 []
3185 []
3227 []
3280 []
3281 [13, 16]
3378 []
3382 []
3389 []
3392 []
3415 []
3427 []
3428 [0, 11, 4, 13, 5, 19, 9, 6, 8, 17]
3433 []
3452 []
3478 []
3501 []
3603 [19]
3609 []
3613 []
3663 []
3710 [3, 16, 11, 2, 18]
3717 [8]
3723 []
3724 []
3735 [1]
3752 []
3754 []
3759 []
3778 []
3779 []
3784 [10, 16, 1]
3787 []
3802 []
3820 []
3825 []
3830 [9]
3832 []
3839 []
3842 []
3845 [17]
3853 []
3857 []
3858 []
3860 [11]
3870 []
3881 []
3889 []
3890 [8, 19, 5, 1]
3893 []
3895 []
3896 []
3898 [11]
3928 []
3932 []
3936 []
3954 [7]
3964 []
3967 [10]
3974 [8, 7, 0]
3994 []
4004 [5]
4006 []
4011 []
4017 []
4030 [2]
4037 []
4049 []
4050 [4]
4053 []
4055 [5, 11, 15, 19, 13, 1]
4070 []
4079 []
4094 []
4101 []
4102 []
4141 []
4144 []
4147 []
4149 []
4153 []
4154 []
4156 []
4157 []
4169 []
4172 []
4176 [9]
4179 []
4244 []
4260 [5, 15]
4271 []
4280 []
4281 []
4283 []
4298 [1, 12, 19]
4303 [9, 11, 18, 13]
4323 []
4327 [1, 12]
4331 [7]
4398 []
4415 []
4436 []
4458 []
4463 []
4478 []
4483 []
4490 []
4497 []
4510 [8]
4512 []
4520 []
4521 []
4568 [18]
4594 []
4599 []
4604 [19]
4606 []
4611 []
4646 [18, 14, 3, 11]
4706 []
4711 []
4739 []
4747 [5]
4757 []
4759 []
4763 []
4765 []
4767 []
4770 []
4776 []
4798 [10]
4799 []
4818 []
4883 []
4905 []
4920 [0, 9, 2, 19, 15, 1, 13, 8]
4931 [15, 14]
4932 [16]
4969 []
4972 []
4985 []
4991 []
4992 []
5001 []
5008 []
5009 []
5013 []
5015 [14, 0]
5017 []
5023 []
5056 []
5060 []
5062 []
5070 [18]
5072 []
5084 [17]
5087 []
5095 [9, 4]
5099 []
5100 []
5117 [12, 9, 7, 4, 0]
5134 [3, 4, 9]
5135 [11]
5139 [11]
5154 []
5165 []
5171 []
5191 [15]
5210 []
5211 []
5221 []
5222 []
5234 []
5250 []
5279 []
5280 []
5288 []
5289 []
5296 []
5306 [8, 0]
5310 [8]
5331 []
5363 [14, 9, 5]
5377 []
5379 []
5409 []
5444 []
5474 []
5476 []
5486 []
5506 []
5511 [8]
5518 []
5519 []
5520 []
5534 []
5535 []
5537 []
5549 []
5588 []
5614 []
5634 []
5645 []
5651 []
5652 []
5686 []
5737 []
5744 []
5751 []
5773 []
5794 []
5889 [1]

 ONE_HIT: 0.24649859943977592