5 []
9 []
15 [6]
17 [14, 14]
18 []
25 []
35 [8, 8, 9, 9, 9]
54 []
60 [10]
62 [4]
64 [6]
67 []
89 []
103 [18, 18, 4, 13, 10, 4, 12, 0, 0]
105 []
124 [9, 9, 4, 11]
130 [2, 2, 1]
176 []
195 []
206 [14]
254 []
302 []
376 [17]
377 []
382 [7]
414 [8, 8]
437 [13, 17, 11, 11, 5, 5, 1, 1, 7, 6]
443 [7, 7]
448 [2, 2]
483 []
488 []
511 []
562 []
571 []
595 [16, 16]
604 []
605 []
623 [16]
655 []
676 []
686 []
689 [6]
695 []
702 []
713 []
786 []
843 []
847 []
912 [0, 4, 7]
916 []
919 []
935 [16, 2, 2, 6, 10, 1, 1, 3, 3, 12, 0, 4, 19, 17]
1002 [2, 2, 2]
1134 []
1190 [17, 17, 10, 10, 10, 7, 10, 1, 4, 4, 4, 2, 2, 2, 16]
1225 []
1230 []
1307 []
1317 []
1335 [14]
1352 []
1485 []
1551 []
1659 []
1681 []
1711 [4, 2, 2, 2, 2, 4, 18, 4, 3]
1733 []
1736 []
1826 []
1922 []
1929 [11]
1931 [14, 14]
1949 [14, 1, 17, 17, 2, 2, 12, 18]
1953 [7]
1954 [11]
1955 [9, 9]
1956 [7]
1959 [10, 14, 14, 19]
1960 [7]
1961 [12, 7]
1963 []
1981 []
1982 [14]
1983 [16, 16, 6, 2, 2, 13, 14, 14, 19]
1991 [19, 19]
1995 []
1996 []
2001 []
2004 []
2032 []
2040 []
2106 [1, 4, 16, 0]
2129 []
2133 []
2145 []
2187 []
2193 []
2197 []
2215 []
2226 [3, 2, 2]
2243 []
2248 []
2305 []
2324 [1, 1]
2354 [16, 4, 4]
2357 [3, 3]
2372 []
2373 []
2388 []
2423 [18]
2424 []
2467 [2]
2538 []
2573 []
2576 [1]
2608 [0, 0, 0, 0, 0]
2626 [9]
2640 []
2651 []
2674 [2, 3, 3, 13, 13, 0, 0, 1, 1]
2729 []
2739 []
2742 [4, 4, 4]
2784 []
2804 []
2805 [17]
2813 []
2818 []
2832 []
2861 [17]
2888 [14, 19, 19]
2906 [0, 0]
2957 []
2959 []
2966 [0, 0]
3007 []
3044 [15, 15, 7, 7, 7, 7]
3088 [0]
3096 []
3097 [8]
3118 []
3123 []
3136 [16, 16, 16]
3145 [14, 14]
3162 []
3164 []
3170 []
3185 []
3227 []
3280 []
3281 [8, 14]
3378 []
3382 [12]
3389 [18, 17]
3392 []
3415 []
3427 []
3428 [11, 14, 14, 18, 15, 15, 15, 19, 19, 19, 19, 0, 0, 7, 13, 14, 17, 9, 18, 18, 2, 1, 1, 1, 1, 15, 3]
3433 []
3452 []
3478 []
3501 [7]
3603 [15, 15, 5, 5, 10, 10, 10]
3609 []
3613 []
3663 []
3710 [18, 18, 6, 6]
3717 [4]
3723 []
3724 [19, 19, 19]
3735 [15, 8, 8, 4, 4]
3752 [4, 4, 4]
3754 [16]
3759 [10, 10, 10, 0, 0, 0]
3778 [1, 1]
3779 []
3784 [8, 8, 1, 1, 19, 11, 11, 11, 11, 11, 18, 18, 6]
3787 []
3802 [0, 13]
3820 []
3825 [16, 16, 16]
3830 []
3832 []
3839 []
3842 []
3845 []
3853 []
3857 []
3858 [6]
3860 []
3870 []
3881 []
3889 []
3890 [10, 11, 12, 18, 14, 14, 9, 17, 17, 8, 8, 8, 16, 16]
3893 []
3895 []
3896 [10, 3, 3, 3, 3, 3]
3898 []
3928 []
3932 [3]
3936 []
3954 [11]
3964 [3, 1]
3967 [8]
3974 [3]
3994 []
4004 []
4006 []
4011 []
4017 []
4030 []
4037 [3, 3]
4049 []
4050 [7, 7, 7, 3, 12, 12, 12, 12]
4053 []
4055 [19, 19, 19, 9, 12, 12, 18, 1, 1, 7, 17, 16, 10, 10, 0, 8, 5, 4, 15, 6]
4070 []
4079 [5, 5]
4094 [5]
4101 []
4102 []
4141 []
4144 []
4147 []
4149 []
4153 []
4154 []
4156 []
4157 []
4169 []
4172 []
4176 [3]
4179 []
4244 [19, 3, 3]
4260 [0, 0, 0, 17]
4271 []
4280 []
4281 [0]
4283 [12, 12]
4298 [4, 4, 9, 3, 16, 16, 16, 16]
4303 [3, 3, 19, 19, 1, 15, 15, 9, 9, 9, 11, 0, 0, 0]
4323 []
4327 [18, 18, 6, 6, 11]
4331 [2]
4398 []
4415 []
4436 []
4458 []
4463 []
4478 []
4483 []
4490 []
4497 []
4510 []
4512 []
4520 []
4521 []
4568 []
4594 []
4599 []
4604 [11, 11, 11]
4606 [2, 2, 16, 16]
4611 []
4646 [15, 15, 9, 10, 10, 10]
4706 []
4711 [6, 6]
4739 []
4747 [0, 0, 5, 5]
4757 []
4759 []
4763 [13]
4765 []
4767 []
4770 []
4776 []
4798 []
4799 []
4818 []
4883 []
4905 []
4920 [5, 5, 6, 6, 8, 8, 14, 14, 14, 14, 0, 0, 17, 17, 1, 1, 1, 3, 3, 19, 2, 15]
4931 [2, 2, 7, 7, 7]
4932 []
4969 []
4972 []
4985 []
4991 [17, 17]
4992 []
5001 []
5008 [4]
5009 []
5013 []
5015 [14, 14]
5017 []
5023 []
5056 []
5060 []
5062 []
5070 []
5072 []
5084 []
5087 []
5095 [11, 11, 17]
5099 []
5100 []
5117 [6, 6, 6, 7, 7, 18, 4, 8, 19, 14]
5134 [6, 8, 8, 1, 1, 1]
5135 []
5139 [10]
5154 []
5165 []
5171 []
5191 []
5210 [7, 2, 2]
5211 []
5221 []
5222 []
5234 [10, 10]
5250 []
5279 [17, 17, 12, 12, 12]
5280 []
5288 []
5289 []
5296 []
5306 []
5310 []
5331 []
5363 [4, 4]
5377 [5]
5379 []
5409 []
5444 []
5474 []
5476 []
5486 []
5506 [15]
5511 []
5518 []
5519 []
5520 []
5534 [11, 11]
5535 [0]
5537 []
5549 []
5588 []
5614 []
5634 []
5645 []
5651 [17, 17, 17, 6, 6, 6, 1]
5652 []
5686 []
5737 []
5744 []
5751 []
5773 []
5794 [8, 18, 18]
5889 []

 ONE_HIT: 0.3473389355742297