5 []
15 []
17 []
18 []
25 []
35 [8, 9]
60 []
64 [6]
89 []
103 [4, 0]
105 []
124 [9]
130 []
176 []
302 []
376 []
382 [7]
414 [8]
437 [5, 1, 7, 6]
443 []
488 []
571 []
689 []
702 []
713 []
749 []
762 []
786 []
791 []
847 []
912 [0, 4, 7]
916 []
935 [2, 6, 1, 3, 0, 4]
1002 [2]
1190 [7, 1, 4, 2]
1331 []
1335 []
1352 []
1485 []
1551 []
1711 [2, 4, 3]
1733 []
1752 []
1922 []
1929 []
1931 []
1949 [1, 2]
1953 [7]
1954 []
1955 [9]
1956 [7]
1959 []
1960 [7]
1961 []
1982 []
1983 [6]
1991 []
1996 []
2001 []
2032 []
2106 [1]
2133 []
2178 []
2193 []
2197 []
2215 []
2226 [2]
2248 []
2338 [4, 9, 2, 7]
2354 [4]
2357 [3]
2372 []
2423 []
2467 [2]
2573 []
2576 [1]
2608 [0]
2626 []
2651 []
2674 [2, 3, 0, 1]
2720 []
2729 []
2784 []
2804 []
2805 []
2832 []
2851 [2]
2857 []
2861 []
2883 []
2897 []
2904 []
2912 [7]
2916 []
2921 []
2959 []
2966 [0]
3044 []
3088 [0]
3118 []
3134 []
3136 []
3145 []
3162 []
3180 [4]
3227 []
3263 []
3281 [8]
3382 []
3389 []
3428 [0, 7, 9, 2, 1, 3]
3452 []
3478 []
3603 [5]
3609 []
3710 [6]
3717 [4]
3723 []
3735 [8, 4]
3751 []
3752 [4]
3754 []
3759 []
3774 []
3779 []
3784 [8, 1, 6]
3801 [2]
3802 []
3820 []
3825 []
3830 []
3835 []
3837 []
3839 []
3845 []
3853 []
3857 []
3858 [6]
3860 []
3870 []
3888 []
3889 []
3890 [8]
3893 []
3895 []
3896 []
3898 []
3928 []
3932 [3]
3936 []
3954 []
3964 [1]
3974 [3]
4004 []
4011 []
4030 []
4037 [3]
4038 []
4044 []
4049 []
4050 [7, 3]
4055 [9, 1, 7, 0, 8, 5, 4, 6]
4061 []
4063 []
4079 []
4094 [5]
4102 []
4127 []
4149 []
4159 []
4176 [3]
4224 [2]
4244 []
4255 [3]
4260 [0]
4271 []
4281 [0]
4283 []
4298 [4, 9, 3]
4299 []
4303 [3, 9, 0]
4327 [6]
4331 []
4338 [3]
4372 []
4374 []
4375 []
4378 []
4379 []
4380 []
4458 []
4463 []
4469 []
4472 [3]
4475 []
4490 []
4520 []
4524 []
4552 []
4568 []
4570 []
4571 []
4604 []
4606 [2]
4607 []
4646 [9]
4706 []
4711 [6]
4747 [0, 5]
4763 []
4791 [4]
4798 []
4896 []
4897 [8]
4920 [5, 6, 8, 1, 3, 2]
4927 [0, 5]
4931 [2, 7]
4932 []
4944 []
4972 []
4985 []
4991 []
4992 []
5008 []
5009 []
5014 []
5015 []
5017 []
5023 []
5087 []
5095 []
5097 []
5117 [7, 4]
5134 [6, 8, 1]
5135 []
5139 []
5144 []
5191 []
5194 []
5210 [7]
5221 []
5234 []
5252 []
5279 []
5289 []
5306 []
5310 []
5363 [4]
5377 []
5409 []
5413 []
5444 []
5474 []
5486 []
5500 []
5506 []
5508 []
5509 [5]
5511 []
5518 []
5525 []
5534 []
5547 []
5555 []
5556 []
5564 []
5565 []
5588 []
5597 []
5604 []
5634 []
5642 []
5643 []
5646 []
5647 []
5651 [6, 1]
5653 []
5655 []
5660 []
5686 []
5689 []
5709 []
5717 []
5724 []
5728 []
5731 []
5737 []
5744 []
5751 []
5762 []
5771 [7, 9]
5773 []
5782 []
5794 [8]
5842 []
5863 []
5889 []
5893 []
5898 []

 ONE_HIT: 0.25752508361204013