5 []
15 []
17 []
18 []
35 [3, 3, 4, 4]
60 [5, 5]
64 []
89 []
103 [7, 7, 6]
105 [4]
124 [0, 0, 0]
130 []
376 []
382 []
414 []
437 [9, 9, 9, 5, 5, 6, 6, 1]
443 [7, 7]
571 []
689 [5, 2]
702 []
749 []
791 []
912 [0]
916 []
935 [6, 6, 7, 0, 0, 9, 2, 5]
1002 [7, 4]
1190 [5, 5, 5, 5, 5, 0, 0, 0, 2, 2, 6, 6, 6, 6, 6, 8, 9]
1331 []
1352 []
1485 []
1711 [7]
1752 []
1929 []
1931 [3, 3]
1949 [3, 4, 4, 9, 1, 1, 2]
1953 [3]
1954 [1, 1]
1955 [1]
1956 [1, 1, 1]
1959 [7]
1960 [5]
1961 []
1982 [3, 3]
1983 [3, 1, 1, 2]
1991 []
2001 []
2032 []
2106 [5, 6]
2193 [0, 1, 1]
2215 []
2226 [5, 5]
2248 []
2338 [0, 5, 8, 8]
2354 []
2372 []
2423 []
2467 [0, 2, 2, 2]
2608 [9, 9, 9, 6, 6, 6, 6, 6]
2626 []
2651 []
2674 [6, 6, 6, 4, 4, 4, 4, 4, 4]
2784 [4, 4, 4]
2832 []
2851 []
2857 []
2861 [9]
2883 []
2897 []
2912 []
2916 []
2921 []
2966 []
3044 []
3088 [7, 8]
3118 []
3136 []
3145 []
3180 [9, 4, 4]
3227 []
3263 []
3281 []
3382 []
3389 [0, 1]
3428 [7, 7, 4, 9, 9, 9, 4, 4, 0, 0, 0]
3452 []
3603 []
3710 [6, 6, 6]
3717 []
3723 [8]
3735 [1]
3751 []
3752 []
3754 []
3759 [1, 1, 1, 5, 5]
3779 []
3784 [3, 6, 6]
3801 [1, 1]
3825 [2]
3837 []
3839 []
3845 []
3857 []
3858 []
3870 []
3889 []
3890 [6]
3895 []
3896 [6, 6]
3898 []
3928 [7]
3932 []
3954 []
3964 [6, 4]
3974 [6]
4004 [8, 8, 8, 8, 2, 2, 2, 2, 9, 9]
4011 []
4030 []
4037 []
4044 []
4050 [8, 6]
4055 [4, 3, 0]
4061 []
4063 []
4094 []
4102 []
4127 []
4159 [7, 7, 7]
4176 [3, 3, 3, 0, 0, 0]
4224 [8, 4, 4, 4]
4244 []
4255 []
4260 []
4281 []
4283 [4, 4, 4, 4]
4298 [6, 6, 7, 6, 6]
4299 []
4303 [2, 9, 6, 6, 6, 9, 1, 1]
4327 []
4331 [7, 2, 8, 8, 8]
4372 []
4374 [2, 2]
4375 []
4378 []
4380 []
4458 []
4469 []
4472 []
4475 [5]
4490 []
4524 []
4568 [7, 7]
4570 []
4571 []
4604 []
4606 []
4607 [4]
4646 [6, 6]
4747 [0, 0, 0, 0]
4791 []
4798 [8, 8]
4897 [8]
4920 [2, 3, 3, 5, 5, 5, 6, 6, 2, 2, 4, 4, 4, 4, 8, 0, 0]
4927 []
4931 [0, 0]
4932 []
4944 [0]
4972 []
4985 []
4991 []
4992 []
5008 []
5009 []
5015 [0, 0, 9, 9]
5023 []
5087 []
5095 [9]
5097 []
5117 [1, 1, 7, 7, 7, 7, 7, 3, 0, 0, 0, 3, 2, 5, 5, 5]
5134 [4, 4, 8, 8, 8, 0, 0, 0, 2, 2, 2]
5135 [9, 3, 3, 3, 3, 3]
5139 [0, 0]
5191 []
5210 []
5234 [7, 7]
5279 [6]
5289 []
5306 []
5363 [3, 7]
5377 []
5409 [6, 6, 6, 8, 8]
5413 []
5486 [9]
5506 [8, 9, 9]
5508 []
5509 [8, 4]
5511 [1]
5518 [9, 3]
5525 []
5534 []
5547 []
5555 []
5556 []
5564 []
5565 []
5588 []
5597 []
5634 [0, 0, 0, 0]
5642 []
5651 [4, 4, 4, 4]
5689 [0, 0, 0, 0, 0]
5709 []
5724 [8]
5771 [3, 3]
5782 []
5794 []
5863 [4, 4]
5898 []

 ONE_HIT: 0.4147465437788018