5 []
15 []
17 [18]
18 []
25 []
35 [2, 13, 10, 19]
60 [11]
64 [14]
89 []
103 [7, 16, 12, 8, 6]
105 []
124 []
130 []
176 []
302 []
376 [4]
382 []
414 [8]
437 [14, 17, 4, 3, 7, 8, 2]
443 []
488 []
571 []
689 [4]
702 []
713 []
847 []
912 [15]
916 []
935 [14, 16, 18, 17, 10, 3, 2, 8, 9, 0, 12, 13, 19]
1002 []
1190 [19, 5, 15, 1, 0]
1335 []
1352 [16]
1485 [13]
1551 []
1711 [12, 11]
1922 []
1929 [9]
1931 [3]
1949 [3, 13, 0, 18, 4]
1953 [13]
1954 [2]
1955 []
1956 [1]
1959 [18]
1960 []
1961 [10, 17]
1982 [1]
1983 [1, 18, 2]
1991 []
1996 []
2001 []
2032 []
2106 [11, 15]
2133 []
2193 [14]
2197 []
2226 [18, 19, 16, 14, 11]
2248 []
2354 [7]
2372 []
2423 []
2467 [13]
2573 []
2576 []
2608 [4]
2626 []
2651 []
2729 []
2784 []
2804 []
2861 [1, 14, 12, 18]
2959 []
2966 [15]
3044 [6]
3088 []
3118 []
3136 []
3145 []
3227 []
3281 [13, 16]
3382 []
3389 []
3428 [0, 11, 4, 13, 5, 19, 9, 6, 8, 17]
3478 []
3603 [19]
3609 []
3723 []
3735 [1]
3752 []
3759 []
3779 []
3784 [10, 16, 1]
3825 []
3830 [9]
3845 [17]
3853 []
3857 []
3858 []
3870 []
3889 []
3890 [8, 19, 5, 1]
3893 []
3895 []
3896 []
3898 [11]
3928 []
3932 []
3936 []
3974 [8, 7, 0]
4011 []
4030 [2]
4050 [4]
4055 [5, 11, 15, 19, 13, 1]
4102 []
4149 []
4176 [9]
4244 []
4271 []
4281 []
4283 []
4298 [1, 12, 19]
4303 [9, 11, 18, 13]
4327 [1, 12]
4331 [7]
4458 []
4463 []
4490 []
4604 [19]
4606 []
4646 [18, 14, 3, 11]
4706 []
4711 []
4747 [5]
4763 []
4920 [0, 9, 2, 19, 15, 1, 13, 8]
4932 [16]
4972 []
4985 []
4992 []
5008 []
5023 []
5087 []
5095 [9, 4]
5117 [12, 9, 7, 4, 0]
5134 [3, 4, 9]
5135 [11]
5210 []
5221 []
5279 []
5289 []
5306 [8, 0]
5310 [8]
5363 [14, 9, 5]
5377 []
5409 []
5474 []
5486 []
5506 []
5511 [8]
5518 []
5534 []
5634 []
5686 []
5744 []
5794 []

 ONE_HIT: 0.39156626506024095