5 []
9 []
15 [6]
17 []
18 []
25 []
35 [8, 8, 9, 9, 9]
54 []
60 []
62 [4]
64 [6]
67 []
89 []
103 [4, 4, 0, 0]
105 []
124 [9, 9, 4]
130 [2, 2, 1]
176 []
206 []
254 []
302 []
382 [7]
414 [8, 8]
437 [5, 5, 1, 1, 7, 6]
443 [7, 7]
448 [2, 2]
483 []
488 []
511 []
562 []
571 []
686 []
689 [6]
695 []
702 []
847 []
912 [0, 4, 7]
935 [2, 2, 6, 1, 1, 3, 3, 0, 4]
1002 [2, 2, 2]
1190 [7, 1, 4, 4, 4, 2, 2, 2]
1225 []
1307 []
1317 []
1335 []
1352 []
1485 []
1551 []
1659 []
1681 []
1711 [4, 2, 2, 2, 2, 4, 4, 3]
1826 []
1922 []
1931 []
1949 [1, 2, 2]
1953 [7]
1954 []
1955 [9, 9]
1956 [7]
1959 []
1960 [7]
1961 [7]
1981 []
1982 []
1983 [6, 2, 2]
1991 []
1995 []
1996 []
2001 []
2032 []
2040 []
2106 [1, 4, 0]
2129 []
2133 []
2187 []
2193 []
2197 []
2226 [3, 2, 2]
2243 []
2248 []
2324 [1, 1]
2354 [4, 4]
2372 []
2373 []
2388 []
2423 []
2467 [2]
2573 []
2576 [1]
2608 [0, 0, 0, 0, 0]
2626 [9]
2640 []
2651 []
2729 []
2739 []
2742 [4, 4, 4]
2784 []
2804 []
2813 []
2861 []
2888 []
2906 [0, 0]
2966 [0, 0]
3044 []
3088 [0]
3097 [8]
3118 []
3136 []
3145 []
3164 []
3170 []
3281 [8]
3382 []
3389 []
3392 []
3427 []
3428 [0, 0, 7, 9, 2, 1, 1, 1, 1, 3]
3501 [7]
3603 [5, 5]
3609 []
3613 []
3663 []
3724 []
3735 [8, 8, 4, 4]
3752 [4, 4, 4]
3759 [0, 0, 0]
3778 [1, 1]
3779 []
3784 [8, 8, 1, 1, 6]
3787 []
3825 []
3830 []
3842 []
3845 []
3853 []
3857 []
3858 [6]
3870 []
3889 []
3890 [8]
3896 [3, 3, 3, 3, 3]
3898 []
3928 []
3932 [3]
3994 []
4017 []
4030 []
4055 [9, 1, 1, 7, 0, 8, 5, 4, 6]
4070 []
4102 []
4141 []
4144 []
4147 []
4156 []
4157 []
4169 []
4176 [3]
4179 []
4244 [3, 3]
4271 []
4281 [0]
4283 []
4298 [4, 4, 9, 3]
4303 [3, 3, 1, 9, 9, 9, 0, 0, 0]
4327 [6, 6]
4331 [2]
4458 []
4490 []
4599 []
4604 []
4606 [2, 2]
4611 []
4646 [9]
4706 []
4711 [6, 6]
4739 []
4747 [0, 0, 5, 5]
4763 []
4799 []
4883 []
4920 [5, 5, 6, 6, 8, 8, 0, 0, 1, 1, 1, 3, 3, 2]
4932 []
4972 []
4985 []
4992 []
5001 []
5008 [4]
5060 []
5072 []
5084 []
5087 []
5099 []
5100 []
5117 [6, 6, 6, 7, 7, 4, 8]
5134 [6, 8, 8, 1, 1, 1]
5154 []
5210 [7, 2, 2]
5221 []
5222 []
5250 []
5279 []
5289 []
5306 []
5310 []
5331 []
5377 [5]
5379 []
5409 []
5474 []
5476 []
5486 []
5506 []
5511 []
5518 []
5534 []
5537 []
5549 []
5614 []
5744 []

 ONE_HIT: 0.3165137614678899