5 []
15 []
17 []
18 []
25 []
35 []
60 []
64 []
67 []
89 []
103 []
105 []
124 [0, 0, 0]
130 []
176 []
302 []
382 []
414 []
437 [1]
443 []
448 []
483 []
488 []
511 []
571 []
689 [2]
702 []
847 []
912 [0]
935 [0, 0, 2]
1002 []
1190 [0, 0, 0, 2, 2]
1225 []
1335 []
1352 []
1485 []
1551 []
1711 []
1922 []
1931 []
1949 [1, 1, 2]
1953 []
1954 [1, 1]
1955 [1]
1956 [1, 1, 1]
1959 []
1960 []
1961 []
1982 []
1983 [1, 1, 2]
1991 []
1996 []
2001 []
2032 []
2106 []
2129 []
2133 []
2193 [0, 1, 1]
2197 []
2226 []
2243 []
2248 []
2324 []
2354 []
2372 []
2373 []
2388 []
2423 []
2467 [0, 2, 2, 2]
2573 []
2576 []
2608 []
2626 []
2651 []
2729 []
2739 []
2784 []
2804 []
2861 []
2888 []
2906 []
2966 []
3044 []
3088 []
3118 []
3136 []
3145 []
3281 []
3382 []
3389 [0, 1]
3392 []
3428 [0, 0, 0]
3501 []
3603 []
3609 []
3735 [1]
3752 []
3759 [1, 1, 1]
3778 []
3779 []
3784 []
3825 [2]
3830 []
3845 []
3853 []
3857 []
3858 []
3870 []
3889 []
3890 []
3896 []
3898 []
3928 []
3932 []
3994 []
4030 []
4055 [0]
4102 []
4176 [0, 0, 0]
4179 []
4244 []
4271 []
4281 []
4283 []
4298 []
4303 [2, 1, 1]
4327 []
4331 [2]
4458 []
4490 []
4604 []
4606 []
4611 []
4646 []
4706 []
4711 []
4739 []
4747 [0, 0, 0, 0]
4763 []
4920 [2, 2, 2, 0, 0]
4932 []
4972 []
4985 []
4992 []
5001 []
5008 []
5060 []
5072 []
5087 []
5117 [1, 1, 0, 0, 0, 2]
5134 [0, 0, 0, 2, 2, 2]
5210 []
5221 [0]
5279 []
5289 []
5306 []
5310 []
5377 []
5379 []
5409 []
5474 []
5486 []
5506 []
5511 [1]
5518 []
5534 []
5537 []
5744 []

 ONE_HIT: 0.16666666666666666