5 []
15 []
17 [14]
18 []
25 []
35 [8, 9]
60 []
64 [6]
67 []
89 []
103 [18, 13, 10, 4, 12, 0]
105 []
124 [9, 11]
130 []
176 []
195 []
302 []
376 []
382 [7]
414 [8]
437 [13, 17, 11, 5, 1, 7, 6]
443 []
448 [2]
483 []
488 []
511 []
571 []
689 []
702 []
713 []
786 []
843 []
847 []
912 [0, 4, 7]
916 []
935 [16, 2, 6, 10, 1, 3, 12, 0, 4, 19, 17]
1002 [2]
1190 [17, 7, 10, 1, 4, 2, 16]
1225 []
1335 [14]
1352 []
1485 []
1551 []
1711 [2, 18, 4, 3]
1733 []
1736 []
1922 []
1929 []
1931 [14]
1949 [14, 1, 2, 18]
1953 [7]
1954 [11]
1955 [9]
1956 [7]
1959 [10, 14, 19]
1960 [7]
1961 [12]
1982 [14]
1983 [16, 6, 13, 19]
1991 [19]
1996 []
2001 []
2032 []
2106 [1]
2129 []
2133 []
2193 []
2197 []
2215 []
2226 [2]
2243 []
2248 []
2305 []
2324 [1]
2354 [16, 4]
2357 [3]
2372 []
2373 []
2388 []
2423 []
2424 []
2467 [2]
2573 []
2576 [1]
2608 [0]
2626 []
2651 []
2674 [2, 3, 13, 0, 1]
2729 []
2739 []
2784 []
2804 []
2805 [17]
2818 []
2832 []
2861 [17]
2888 [14, 19]
2906 [0]
2959 []
2966 [0]
3044 [15, 7]
3088 [0]
3118 []
3136 [16]
3145 [14]
3162 []
3227 []
3281 [8, 14]
3382 []
3389 [17]
3392 []
3428 [11, 19, 0, 7, 13, 14, 17, 9, 18, 2, 1, 15, 3]
3452 []
3478 []
3501 [7]
3603 [15, 5]
3609 []
3710 [18, 6]
3717 [4]
3723 []
3735 [15, 8, 4]
3752 [4]
3754 [16]
3759 [10]
3778 []
3779 []
3784 [8, 1, 11, 6]
3802 []
3820 []
3825 [16]
3830 []
3839 []
3845 []
3853 []
3857 []
3858 [6]
3860 []
3870 []
3881 []
3889 []
3890 [10, 11, 12, 18, 14, 9, 17, 8, 16]
3893 []
3895 []
3896 [10]
3898 []
3928 []
3932 [3]
3936 []
3954 [11]
3964 [1]
3974 [3]
3994 []
4004 []
4011 []
4030 []
4037 [3]
4049 []
4050 [7, 3, 12]
4055 [19, 9, 12, 18, 1, 7, 17, 16, 10, 0, 8, 5, 4, 15, 6]
4079 []
4094 [5]
4101 []
4102 []
4149 []
4176 [3]
4179 []
4244 []
4260 [0, 17]
4271 []
4281 [0]
4283 [12]
4298 [4, 9, 3, 16]
4303 [3, 19, 15, 9, 11, 0]
4323 []
4327 [18, 6, 11]
4331 []
4398 []
4458 []
4463 []
4490 []
4510 []
4520 []
4521 []
4568 []
4604 [11]
4606 [2, 16]
4611 []
4646 [15, 9, 10]
4706 []
4711 [6]
4739 []
4747 [0, 5]
4763 [13]
4798 []
4905 []
4920 [5, 6, 8, 14, 17, 1, 3, 19, 2, 15]
4931 [2, 7]
4932 []
4972 []
4985 []
4991 []
4992 []
5001 []
5008 []
5009 []
5013 []
5015 [14]
5017 []
5023 []
5060 []
5072 []
5087 []
5095 [11, 17]
5117 [7, 18, 4, 14]
5134 [6, 8, 1]
5135 []
5139 [10]
5165 []
5191 []
5210 [7]
5221 []
5234 [10]
5279 [12]
5289 []
5306 []
5310 []
5363 [4]
5377 []
5379 []
5409 []
5444 []
5474 []
5486 []
5506 []
5511 []
5518 []
5519 []
5520 []
5534 [11]
5535 [0]
5537 []
5588 []
5634 []
5645 []
5651 [17, 6, 1]
5686 []
5737 []
5744 []
5751 []
5773 []
5794 [8, 18]
5889 []

 ONE_HIT: 0.38492063492063494