5 []
15 []
17 [14]
18 []
25 []
35 [8, 9]
60 []
64 [6]
89 []
103 [18, 13, 10, 4, 12, 0]
105 []
124 [9, 11]
130 []
176 []
302 []
382 [7]
414 [8]
437 [13, 17, 11, 5, 1, 7, 6]
443 []
488 []
571 []
689 []
702 []
847 []
912 [0, 4, 7]
935 [16, 2, 6, 10, 1, 3, 12, 0, 4, 19, 17]
1002 [2]
1190 [17, 7, 10, 1, 4, 2, 16]
1335 [14]
1352 []
1485 []
1551 []
1711 [2, 18, 4, 3]
1922 []
1931 [14]
1949 [14, 1, 2, 18]
1953 [7]
1954 [11]
1955 [9]
1956 [7]
1959 [10, 14, 19]
1960 [7]
1961 [12]
1982 [14]
1983 [16, 6, 13, 19]
1991 [19]
1996 []
2001 []
2032 []
2106 [1]
2133 []
2193 []
2197 []
2226 [2]
2248 []
2354 [16, 4]
2372 []
2423 []
2467 [2]
2573 []
2576 [1]
2608 [0]
2626 []
2651 []
2729 []
2784 []
2804 []
2861 [17]
2966 [0]
3044 [15, 7]
3088 [0]
3118 []
3136 [16]
3145 [14]
3281 [8, 14]
3382 []
3389 [17]
3428 [11, 19, 0, 7, 13, 14, 17, 9, 18, 2, 1, 15, 3]
3603 [15, 5]
3609 []
3735 [15, 8, 4]
3752 [4]
3759 [10]
3779 []
3784 [8, 1, 11, 6]
3825 [16]
3830 []
3845 []
3853 []
3857 []
3858 [6]
3870 []
3889 []
3890 [10, 11, 12, 18, 14, 9, 17, 8, 16]
3896 [10]
3898 []
3928 []
3932 [3]
4030 []
4055 [19, 9, 12, 18, 1, 7, 17, 16, 10, 0, 8, 5, 4, 15, 6]
4102 []
4176 [3]
4244 []
4271 []
4281 [0]
4283 [12]
4298 [4, 9, 3, 16]
4303 [3, 19, 15, 9, 11, 0]
4327 [18, 6, 11]
4331 []
4458 []
4490 []
4604 [11]
4606 [2, 16]
4646 [15, 9, 10]
4706 []
4711 [6]
4747 [0, 5]
4763 [13]
4920 [5, 6, 8, 14, 17, 1, 3, 19, 2, 15]
4932 []
4972 []
4985 []
4992 []
5008 []
5087 []
5117 [7, 18, 4, 14]
5134 [6, 8, 1]
5210 [7]
5221 []
5279 [12]
5289 []
5306 []
5310 []
5377 []
5409 []
5474 []
5486 []
5506 []
5511 []
5518 []
5534 [11]
5744 []

 ONE_HIT: 0.48951048951048953