5 []
15 []
17 []
18 []
25 []
35 []
60 []
64 []
89 []
103 [4, 4, 0, 0]
105 []
124 [4]
130 [2, 2, 1]
176 []
302 []
382 []
414 []
437 [1, 1]
443 []
488 []
571 []
689 []
702 []
847 []
912 [0, 4]
935 [2, 2, 1, 1, 3, 3, 0, 4]
1002 [2, 2, 2]
1190 [1, 4, 4, 4, 2, 2, 2]
1335 []
1352 []
1485 []
1551 []
1711 [4, 2, 2, 2, 2, 4, 4, 3]
1922 []
1931 []
1949 [1, 2, 2]
1953 []
1954 []
1955 []
1956 []
1959 []
1960 []
1961 []
1982 []
1983 [2, 2]
1991 []
1996 []
2001 []
2032 []
2106 [1, 4, 0]
2133 []
2193 []
2197 []
2226 [3, 2, 2]
2248 []
2354 [4, 4]
2372 []
2423 []
2467 [2]
2573 []
2576 [1]
2608 [0, 0, 0, 0, 0]
2626 []
2651 []
2729 []
2784 []
2804 []
2861 []
2966 [0, 0]
3044 []
3088 [0]
3118 []
3136 []
3145 []
3281 []
3382 []
3389 []
3428 [0, 0, 2, 1, 1, 1, 1, 3]
3603 []
3609 []
3735 [4, 4]
3752 [4, 4, 4]
3759 [0, 0, 0]
3779 []
3784 [1, 1]
3825 []
3830 []
3845 []
3853 []
3857 []
3858 []
3870 []
3889 []
3890 []
3896 [3, 3, 3, 3, 3]
3898 []
3928 []
3932 [3]
4030 []
4055 [1, 1, 0, 4]
4102 []
4176 [3]
4244 [3, 3]
4271 []
4281 [0]
4283 []
4298 [4, 4, 3]
4303 [3, 3, 1, 0, 0, 0]
4327 []
4331 [2]
4458 []
4490 []
4604 []
4606 [2, 2]
4646 []
4706 []
4711 []
4747 [0, 0]
4763 []
4920 [0, 0, 1, 1, 1, 3, 3, 2]
4932 []
4972 []
4985 []
4992 []
5008 [4]
5087 []
5117 [4]
5134 [1, 1, 1]
5210 [2, 2]
5221 []
5279 []
5289 []
5306 []
5310 []
5377 []
5409 []
5474 []
5486 []
5506 []
5511 []
5518 []
5534 []
5744 []

 ONE_HIT: 0.27972027972027974