5 []
15 []
17 [18, 18]
18 []
25 []
35 [2, 2, 13, 13, 13, 19, 19, 10, 10, 10, 10, 12, 19]
60 [11, 11, 14, 14, 11, 9]
64 [14, 14, 14]
89 []
103 [7, 7, 17, 17, 12, 16, 12, 8, 6, 6]
105 []
124 [3]
130 []
176 []
302 []
376 [8, 8, 4, 4]
382 [15, 15]
414 [8, 8]
437 [14, 17, 17, 17, 4, 4, 3, 3, 7, 7, 8, 2]
443 [9, 9]
488 []
571 []
689 [11, 4]
702 []
713 []
749 []
762 [6]
786 []
791 []
847 []
912 [15]
916 []
935 [14, 16, 18, 17, 10, 10, 3, 2, 2, 8, 8, 9, 0, 12, 13, 19]
1002 [8, 15, 6]
1190 [19, 19, 15, 15, 15, 5, 5, 5, 5, 5, 15, 1, 1, 1, 0, 0, 3, 3, 3, 3, 3, 8]
1331 [6]
1335 []
1352 [13, 16, 16]
1485 [13]
1551 []
1711 [12, 11]
1733 [15, 15]
1752 []
1922 []
1929 [9]
1931 [3, 3]
1949 [3, 13, 0, 0, 18, 18, 6, 4]
1953 [13]
1954 [2, 2]
1955 []
1956 [1, 1, 1]
1959 [18]
1960 []
1961 [10, 10, 17, 17]
1982 [1, 1]
1983 [1, 18, 18, 18, 18, 18, 4, 4, 6, 6, 2]
1991 []
1996 []
2001 []
2032 []
2106 [11, 15, 15, 15, 15, 0]
2133 []
2178 []
2193 [14]
2197 []
2215 [13]
2226 [18, 19, 16, 14, 14, 12, 11, 11]
2248 []
2338 [15, 14, 19, 18, 18, 0, 0, 4, 4, 5, 5, 6, 9, 9]
2354 [7, 7]
2357 []
2372 []
2423 [0, 0, 0]
2467 [13]
2573 []
2576 []
2608 [4, 4, 4, 4, 4]
2626 [16, 13]
2651 []
2674 [9, 9, 9, 9, 13, 13, 13, 13, 13, 13, 7, 7, 7, 1]
2720 []
2729 []
2784 []
2804 []
2805 [8]
2832 []
2851 [10, 10, 10, 10, 10]
2857 []
2861 [1, 1, 14, 14, 14, 12, 18, 18, 18]
2883 []
2897 []
2904 []
2912 []
2916 []
2921 [7, 7]
2959 []
2966 [15]
3044 [4, 4, 4, 6, 6]
3088 []
3118 [10]
3134 []
3136 []
3145 []
3162 []
3180 [6, 6, 6, 8]
3227 []
3263 [9]
3281 [13, 13, 16]
3382 []
3389 [10, 8]
3428 [0, 0, 11, 13, 4, 13, 6, 13, 5, 19, 9, 9, 9, 6, 6, 8, 17]
3452 []
3478 []
3603 [19, 19]
3609 []
3710 [3, 3, 3, 16, 16, 11, 11, 2, 2, 2, 15, 15, 18, 15, 6]
3717 [8, 8, 8]
3723 []
3735 [1]
3751 []
3752 []
3754 []
3759 [9]
3774 []
3779 []
3784 [12, 17, 10, 10, 10, 7, 16, 16, 12, 1]
3801 [4, 4, 0, 0]
3802 [4]
3820 []
3825 []
3830 [9, 9]
3835 []
3837 []
3839 [14]
3845 [17]
3853 []
3857 []
3858 []
3860 [11]
3870 []
3888 []
3889 []
3890 [8, 19, 5, 1]
3893 []
3895 []
3896 []
3898 [11, 11]
3928 []
3932 []
3936 []
3954 [15, 15, 7]
3964 [13]
3974 [9, 8, 7, 17, 7, 0]
4004 [5, 5, 3]
4011 []
4030 [2, 2, 2, 2]
4037 []
4038 [1]
4044 [18, 14, 18, 18]
4049 []
4050 [4]
4055 [5, 5, 5, 5, 5, 5, 5, 11, 15, 15, 19, 13, 1]
4061 [0]
4063 [13, 13, 13]
4079 [8, 8]
4094 []
4102 []
4127 []
4149 []
4159 []
4176 [14, 14, 14, 9, 9, 9]
4224 [12, 7, 7]
4244 [0]
4255 []
4260 [4, 5, 5, 5, 15]
4271 []
4281 []
4283 [11, 11, 11, 11]
4298 [8, 8, 3, 1, 1, 1, 1, 12, 12, 19]
4299 [18, 18]
4303 [19, 3, 9, 9, 13, 13, 18, 11, 11, 11, 18, 13, 13]
4327 [1, 1, 1, 12]
4331 [7, 0, 14, 14, 14]
4338 []
4372 []
4374 [15, 15, 12]
4375 []
4378 []
4379 []
4380 []
4458 []
4463 []
4469 []
4472 []
4475 [0, 12]
4490 []
4520 []
4524 []
4552 []
4568 [18, 18]
4570 [12, 12, 13]
4571 []
4604 [19, 19]
4606 []
4607 [7, 7, 7, 9, 9]
4646 [18, 18, 18, 18, 14, 3, 3, 11]
4706 [13, 13]
4711 []
4747 [5, 5]
4763 []
4791 []
4798 [10, 10]
4896 []
4897 [4, 4, 16, 16, 16]
4920 [15, 9, 0, 0, 7, 7, 9, 9, 2, 2, 2, 2, 3, 19, 15, 5, 5, 1, 1, 13, 8]
4927 [16, 16, 16, 12, 12, 5]
4931 [15, 15, 14]
4932 [16, 16]
4944 [5]
4972 []
4985 []
4991 []
4992 []
5008 []
5009 []
5014 []
5015 [14, 14, 0, 0]
5017 []
5023 []
5087 []
5095 [9, 4]
5097 []
5117 [13, 13, 12, 12, 12, 12, 12, 7, 9, 9, 9, 7, 4, 0, 0, 0]
5134 [3, 3, 4, 4, 4, 9, 9, 9]
5135 [11, 11]
5139 [11]
5144 []
5191 [15, 15]
5194 []
5210 []
5221 []
5234 [14]
5252 []
5279 [1, 1, 17, 17]
5289 []
5306 [8, 0, 10]
5310 [8, 8, 8, 8]
5363 [14, 14, 9, 5]
5377 [10]
5409 []
5413 []
5444 []
5474 []
5486 []
5500 []
5506 []
5508 []
5509 []
5511 [1, 8]
5518 [19]
5525 []
5534 []
5547 []
5555 [7, 7, 7]
5556 []
5564 [2]
5565 []
5588 []
5597 []
5604 []
5634 []
5642 []
5643 []
5646 []
5647 []
5651 []
5653 []
5655 []
5660 []
5686 []
5689 [14, 17, 17]
5709 []
5717 [6, 6]
5724 []
5728 [15, 15, 3, 3, 3, 10, 5]
5731 []
5737 []
5744 [10, 10]
5751 []
5762 []
5771 [1, 1, 1]
5773 []
5782 [18, 18]
5794 []
5842 []
5863 []
5889 [1, 1]
5893 []
5898 [8, 8]

 ONE_HIT: 0.4414715719063545