5 []
15 []
17 [18]
18 []
35 [2, 13, 10, 19]
60 [11]
64 [14]
89 []
103 [7, 16, 12, 8, 6]
105 []
124 []
130 []
376 [4]
382 []
414 [8]
437 [14, 17, 4, 3, 7, 8, 2]
443 []
571 []
689 [4]
702 []
749 []
791 []
912 [15]
916 []
935 [14, 16, 18, 17, 10, 3, 2, 8, 9, 0, 12, 13, 19]
1002 []
1190 [19, 5, 15, 1, 0]
1331 []
1352 [16]
1485 [13]
1711 [12, 11]
1929 [9]
1931 [3]
1949 [3, 13, 0, 18, 4]
1953 [13]
1954 [2]
1955 []
1956 [1]
1959 [18]
1960 []
1961 [10, 17]
1982 [1]
1983 [1, 18, 2]
1991 []
2001 []
2032 []
2106 [11, 15]
2193 [14]
2215 [13]
2226 [18, 19, 16, 14, 11]
2248 []
2354 [7]
2372 []
2423 []
2467 [13]
2608 [4]
2626 []
2651 []
2674 [9, 13, 7, 1]
2784 []
2832 []
2857 []
2861 [1, 14, 12, 18]
2966 [15]
3044 [6]
3088 []
3118 []
3136 []
3145 []
3227 []
3281 [13, 16]
3382 []
3389 []
3428 [0, 11, 4, 13, 5, 19, 9, 6, 8, 17]
3452 []
3603 [19]
3710 [3, 16, 11, 2, 18]
3717 [8]
3723 []
3735 [1]
3751 []
3752 []
3754 []
3759 []
3779 []
3784 [10, 16, 1]
3825 []
3839 []
3845 [17]
3857 []
3858 []
3870 []
3889 []
3890 [8, 19, 5, 1]
3895 []
3896 []
3898 [11]
3928 []
3932 []
3954 [7]
3964 []
3974 [8, 7, 0]
4004 [5]
4011 []
4030 [2]
4037 []
4044 [18]
4050 [4]
4055 [5, 11, 15, 19, 13, 1]
4061 []
4063 [13]
4094 []
4102 []
4159 []
4176 [9]
4224 [12, 7]
4244 []
4260 [5, 15]
4281 []
4283 []
4298 [1, 12, 19]
4303 [9, 11, 18, 13]
4327 [1, 12]
4331 [7]
4374 [15, 12]
4458 []
4469 []
4490 []
4568 [18]
4571 []
4604 [19]
4606 []
4607 [7, 9]
4646 [18, 14, 3, 11]
4747 [5]
4798 [10]
4897 [4, 16]
4920 [0, 9, 2, 19, 15, 1, 13, 8]
4927 [16, 12, 5]
4931 [15, 14]
4932 [16]
4944 []
4972 []
4985 []
4991 []
4992 []
5008 []
5009 []
5015 [14, 0]
5023 []
5087 []
5095 [9, 4]
5097 []
5117 [12, 9, 7, 4, 0]
5134 [3, 4, 9]
5135 [11]
5139 [11]
5191 [15]
5210 []
5234 []
5279 []
5289 []
5306 [8, 0]
5363 [14, 9, 5]
5377 []
5409 []
5486 []
5506 []
5511 [8]
5518 []
5534 []
5564 []
5588 []
5634 []
5651 []
5689 [14, 17]
5794 []

 ONE_HIT: 0.4745762711864407