5 []
15 []
17 []
18 []
25 []
35 []
60 []
64 []
89 []
103 [0]
105 []
124 []
130 []
176 []
302 []
376 []
382 []
414 []
437 [1]
443 []
488 []
571 []
689 []
702 []
713 []
847 []
912 [0]
916 []
935 [2, 1, 0]
1002 [2]
1190 [1, 2]
1335 []
1352 []
1485 []
1551 []
1711 [2]
1922 []
1929 []
1931 []
1949 [1, 2]
1953 []
1954 []
1955 []
1956 []
1959 []
1960 []
1961 []
1982 []
1983 []
1991 []
1996 []
2001 []
2032 []
2106 [1]
2133 []
2193 []
2197 []
2226 [2]
2248 []
2354 []
2372 []
2423 []
2467 [2]
2573 []
2576 [1]
2608 [0]
2626 []
2651 []
2729 []
2784 []
2804 []
2861 []
2959 []
2966 [0]
3044 []
3088 [0]
3118 []
3136 []
3145 []
3227 []
3281 []
3382 []
3389 []
3428 [0, 2, 1]
3478 []
3603 []
3609 []
3723 []
3735 []
3752 []
3759 []
3779 []
3784 [1]
3825 []
3830 []
3845 []
3853 []
3857 []
3858 []
3870 []
3889 []
3890 []
3893 []
3895 []
3896 []
3898 []
3928 []
3932 []
3936 []
3974 []
4011 []
4030 []
4050 []
4055 [1, 0]
4102 []
4149 []
4176 []
4244 []
4271 []
4281 [0]
4283 []
4298 []
4303 [0]
4327 []
4331 []
4458 []
4463 []
4490 []
4604 []
4606 [2]
4646 []
4706 []
4711 []
4747 [0]
4763 []
4920 [1, 2]
4932 []
4972 []
4985 []
4992 []
5008 []
5023 []
5087 []
5095 []
5117 []
5134 [1]
5135 []
5210 []
5221 []
5279 []
5289 []
5306 []
5310 []
5363 []
5377 []
5409 []
5474 []
5486 []
5506 []
5511 []
5518 []
5534 []
5634 []
5686 []
5744 []
5794 []

 ONE_HIT: 0.14457831325301204