5 []
15 []
17 []
35 [2, 2]
60 []
64 []
89 []
103 []
105 []
124 []
130 []
382 []
414 []
437 [2]
443 []
571 []
689 []
702 []
912 []
935 [2, 2, 0]
1002 []
1190 [1, 1, 1, 0, 0]
1352 []
1485 []
1711 []
1931 []
1949 [0, 0]
1953 []
1954 [2, 2]
1955 []
1956 [1, 1, 1]
1959 []
1960 []
1961 []
1982 [1, 1]
1983 [1, 2]
1991 []
2001 []
2032 []
2106 [0]
2193 []
2226 []
2248 []
2354 []
2372 []
2423 [0, 0, 0]
2467 []
2608 []
2626 []
2651 []
2784 []
2861 [1]
2966 []
3044 []
3088 []
3118 []
3136 []
3281 []
3382 []
3389 []
3428 [0, 0]
3603 []
3735 [1]
3752 []
3759 []
3779 []
3784 [1]
3857 []
3858 []
3870 []
3889 []
3890 [1]
3896 []
3898 []
3928 []
3932 []
4055 [1]
4176 []
4244 [0]
4281 []
4283 []
4298 [1, 1, 1, 1]
4303 []
4327 [1, 1, 1]
4331 [0]
4490 []
4604 []
4606 []
4646 []
4747 []
4920 [0, 0, 2, 2, 2, 2, 1, 1]
4932 []
4972 []
4992 []
5008 []
5087 []
5117 [0, 0, 0]
5134 []
5210 []
5279 [1, 1]
5289 []
5377 []
5409 []
5486 []
5506 []
5511 [1]
5518 []
5534 []

 ONE_HIT: 0.23148148148148148