5 []
15 []
17 []
18 []
25 []
35 [8, 9]
60 []
64 [6]
67 []
89 []
103 [4, 0]
105 []
124 [9]
130 []
176 []
195 []
302 []
376 []
382 [7]
414 [8]
437 [5, 1, 7, 6]
443 []
448 [2]
483 []
488 []
511 []
571 []
689 []
702 []
713 []
786 []
843 []
847 []
912 [0, 4, 7]
916 []
935 [2, 6, 1, 3, 0, 4]
1002 [2]
1190 [7, 1, 4, 2]
1225 []
1335 []
1352 []
1485 []
1551 []
1711 [2, 4, 3]
1733 []
1736 []
1922 []
1929 []
1931 []
1949 [1, 2]
1953 [7]
1954 []
1955 [9]
1956 [7]
1959 []
1960 [7]
1961 []
1982 []
1983 [6]
1991 []
1996 []
2001 []
2032 []
2106 [1]
2129 []
2133 []
2193 []
2197 []
2215 []
2226 [2]
2243 []
2248 []
2305 []
2324 [1]
2354 [4]
2357 [3]
2372 []
2373 []
2388 []
2423 []
2424 []
2467 [2]
2573 []
2576 [1]
2608 [0]
2626 []
2651 []
2674 [2, 3, 0, 1]
2729 []
2739 []
2784 []
2804 []
2805 []
2818 []
2832 []
2861 []
2888 []
2906 [0]
2959 []
2966 [0]
3044 []
3088 [0]
3118 []
3136 []
3145 []
3162 []
3227 []
3281 [8]
3382 []
3389 []
3392 []
3428 [0, 7, 9, 2, 1, 3]
3452 []
3478 []
3501 [7]
3603 [5]
3609 []
3710 [6]
3717 [4]
3723 []
3735 [8, 4]
3752 [4]
3754 []
3759 []
3778 []
3779 []
3784 [8, 1, 6]
3802 []
3820 []
3825 []
3830 []
3839 []
3845 []
3853 []
3857 []
3858 [6]
3860 []
3870 []
3881 []
3889 []
3890 [8]
3893 []
3895 []
3896 []
3898 []
3928 []
3932 [3]
3936 []
3954 []
3964 [1]
3974 [3]
3994 []
4004 []
4011 []
4030 []
4037 [3]
4049 []
4050 [7, 3]
4055 [9, 1, 7, 0, 8, 5, 4, 6]
4079 []
4094 [5]
4101 []
4102 []
4149 []
4176 [3]
4179 []
4244 []
4260 [0]
4271 []
4281 [0]
4283 []
4298 [4, 9, 3]
4303 [3, 9, 0]
4323 []
4327 [6]
4331 []
4398 []
4458 []
4463 []
4490 []
4510 []
4520 []
4521 []
4568 []
4604 []
4606 [2]
4611 []
4646 [9]
4706 []
4711 [6]
4739 []
4747 [0, 5]
4763 []
4798 []
4905 []
4920 [5, 6, 8, 1, 3, 2]
4931 [2, 7]
4932 []
4972 []
4985 []
4991 []
4992 []
5001 []
5008 []
5009 []
5013 []
5015 []
5017 []
5023 []
5060 []
5072 []
5087 []
5095 []
5117 [7, 4]
5134 [6, 8, 1]
5135 []
5139 []
5165 []
5191 []
5210 [7]
5221 []
5234 []
5279 []
5289 []
5306 []
5310 []
5363 [4]
5377 []
5379 []
5409 []
5444 []
5474 []
5486 []
5506 []
5511 []
5518 []
5519 []
5520 []
5534 []
5535 [0]
5537 []
5588 []
5634 []
5645 []
5651 [6, 1]
5686 []
5737 []
5744 []
5751 []
5773 []
5794 [8]
5889 []

 ONE_HIT: 0.2698412698412698