5 []
15 []
17 [18, 18]
18 []
25 []
35 [2, 2, 13, 13, 13, 19, 19, 10, 10, 10, 10, 12, 19]
60 [11, 11, 14, 14, 11, 9]
64 [14, 14, 14]
89 []
103 [7, 7, 17, 17, 12, 16, 12, 8, 6, 6]
105 []
124 [3]
130 []
176 []
302 []
376 [8, 8, 4, 4]
382 [15, 15]
414 [8, 8]
437 [14, 17, 17, 17, 4, 4, 3, 3, 7, 7, 8, 2]
443 [9, 9]
488 []
571 []
689 [11, 4]
702 []
713 []
847 []
912 [15]
916 []
935 [14, 16, 18, 17, 10, 10, 3, 2, 2, 8, 8, 9, 0, 12, 13, 19]
1002 [8, 15, 6]
1190 [19, 19, 15, 15, 15, 5, 5, 5, 5, 5, 15, 1, 1, 1, 0, 0, 3, 3, 3, 3, 3, 8]
1335 []
1352 [13, 16, 16]
1485 [13]
1551 []
1711 [12, 11]
1922 []
1929 [9]
1931 [3, 3]
1949 [3, 13, 0, 0, 18, 18, 6, 4]
1953 [13]
1954 [2, 2]
1955 []
1956 [1, 1, 1]
1959 [18]
1960 []
1961 [10, 10, 17, 17]
1982 [1, 1]
1983 [1, 18, 18, 18, 18, 18, 4, 4, 6, 6, 2]
1991 []
1996 []
2001 []
2032 []
2106 [11, 15, 15, 15, 15, 0]
2133 []
2193 [14]
2197 []
2226 [18, 19, 16, 14, 14, 12, 11, 11]
2248 []
2354 [7, 7]
2372 []
2423 [0, 0, 0]
2467 [13]
2573 []
2576 []
2608 [4, 4, 4, 4, 4]
2626 [16, 13]
2651 []
2729 []
2784 []
2804 []
2861 [1, 1, 14, 14, 14, 12, 18, 18, 18]
2959 []
2966 [15]
3044 [4, 4, 4, 6, 6]
3088 []
3118 [10]
3136 []
3145 []
3227 []
3281 [13, 13, 16]
3382 []
3389 [10, 8]
3428 [0, 0, 11, 13, 4, 13, 6, 13, 5, 19, 9, 9, 9, 6, 6, 8, 17]
3478 []
3603 [19, 19]
3609 []
3723 []
3735 [1]
3752 []
3759 [9]
3779 []
3784 [12, 17, 10, 10, 10, 7, 16, 16, 12, 1]
3825 []
3830 [9, 9]
3845 [17]
3853 []
3857 []
3858 []
3870 []
3889 []
3890 [8, 19, 5, 1]
3893 []
3895 []
3896 []
3898 [11, 11]
3928 []
3932 []
3936 []
3974 [9, 8, 7, 17, 7, 0]
4011 []
4030 [2, 2, 2, 2]
4050 [4]
4055 [5, 5, 5, 5, 5, 5, 5, 11, 15, 15, 19, 13, 1]
4102 []
4149 []
4176 [14, 14, 14, 9, 9, 9]
4244 [0]
4271 []
4281 []
4283 [11, 11, 11, 11]
4298 [8, 8, 3, 1, 1, 1, 1, 12, 12, 19]
4303 [19, 3, 9, 9, 13, 13, 18, 11, 11, 11, 18, 13, 13]
4327 [1, 1, 1, 12]
4331 [7, 0, 14, 14, 14]
4458 []
4463 []
4490 []
4604 [19, 19]
4606 []
4646 [18, 18, 18, 18, 14, 3, 3, 11]
4706 [13, 13]
4711 []
4747 [5, 5]
4763 []
4920 [15, 9, 0, 0, 7, 7, 9, 9, 2, 2, 2, 2, 3, 19, 15, 5, 5, 1, 1, 13, 8]
4932 [16, 16]
4972 []
4985 []
4992 []
5008 []
5023 []
5087 []
5095 [9, 4]
5117 [13, 13, 12, 12, 12, 12, 12, 7, 9, 9, 9, 7, 4, 0, 0, 0]
5134 [3, 3, 4, 4, 4, 9, 9, 9]
5135 [11, 11]
5210 []
5221 []
5279 [1, 1, 17, 17]
5289 []
5306 [8, 0, 10]
5310 [8, 8, 8, 8]
5363 [14, 14, 9, 5]
5377 [10]
5409 []
5474 []
5486 []
5506 []
5511 [1, 8]
5518 [19]
5534 []
5634 []
5686 []
5744 [10, 10]
5794 []

 ONE_HIT: 0.4879518072289157