5 []
9 []
15 []
17 []
18 []
25 []
35 []
54 []
60 []
62 [4]
64 []
67 []
89 []
103 [4, 4, 0, 0]
105 []
124 [4]
130 [2, 2, 1]
176 []
195 []
206 []
254 []
302 []
376 []
377 []
382 []
414 []
437 [1, 1]
443 []
448 [2, 2]
483 []
488 []
511 []
562 []
571 []
595 [3, 3]
604 []
605 []
623 []
655 []
676 []
686 []
689 []
690 []
695 []
702 []
713 []
749 []
783 []
786 []
791 []
843 []
847 []
912 [0, 4]
916 []
918 []
919 []
935 [2, 2, 1, 1, 3, 3, 0, 4]
1002 [2, 2, 2]
1134 []
1190 [1, 4, 4, 4, 2, 2, 2]
1225 []
1230 []
1284 []
1307 []
1317 []
1331 []
1335 []
1352 []
1485 []
1551 []
1659 []
1681 []
1711 [4, 2, 2, 2, 2, 4, 4, 3]
1725 []
1733 []
1736 []
1826 []
1913 []
1922 []
1929 []
1931 []
1949 [1, 2, 2]
1953 []
1954 []
1955 []
1956 []
1959 []
1960 []
1961 []
1963 []
1981 []
1982 []
1983 [2, 2]
1991 []
1995 []
1996 []
2001 []
2004 []
2032 []
2040 []
2106 [1, 4, 0]
2129 []
2133 []
2145 []
2187 []
2193 []
2197 []
2215 []
2216 []
2226 [3, 2, 2]
2243 []
2248 []
2305 []
2324 [1, 1]
2354 [4, 4]
2357 [3, 3]
2372 []
2373 []
2388 []
2423 []
2424 []
2467 [2]
2538 []
2573 []
2576 [1]
2608 [0, 0, 0, 0, 0]
2619 []
2626 []
2640 []
2651 []
2674 [2, 3, 3, 0, 0, 1, 1]
2720 []
2729 []
2739 []
2742 [4, 4, 4]
2784 []
2804 []
2805 []
2813 []
2818 []
2832 []
2834 []
2857 []
2861 []
2888 []
2906 [0, 0]
2957 []
2959 []
2966 [0, 0]
3006 []
3007 []
3044 []
3088 [0]
3096 []
3097 []
3099 []
3118 []
3123 []
3136 []
3145 []
3162 []
3164 []
3170 []
3185 []
3227 []
3280 []
3281 []
3302 [4, 4, 4]
3378 []
3382 []
3389 []
3392 []
3415 []
3427 []
3428 [0, 0, 2, 1, 1, 1, 1, 3]
3433 []
3452 []
3478 []
3501 []
3603 []
3604 []
3609 []
3610 []
3613 []
3627 []
3663 []
3710 []
3717 [4]
3723 []
3724 []
3735 [4, 4]
3736 []
3738 []
3751 [0]
3752 [4, 4, 4]
3754 []
3759 [0, 0, 0]
3764 []
3767 []
3774 []
3778 [1, 1]
3779 []
3784 [1, 1]
3787 []
3802 [0]
3809 []
3820 []
3825 []
3830 []
3832 []
3833 []
3839 []
3842 []
3845 []
3853 []
3857 []
3858 []
3860 []
3870 []
3881 []
3889 []
3890 []
3893 []
3895 []
3896 [3, 3, 3, 3, 3]
3898 []
3924 []
3928 []
3932 [3]
3936 []
3954 []
3964 [3, 1]
3967 []
3974 [3]
3994 []
4004 []
4006 []
4011 []
4017 []
4018 []
4030 []
4037 [3, 3]
4038 []
4044 []
4046 []
4049 []
4050 [3]
4053 []
4055 [1, 1, 0, 4]
4058 []
4061 []
4063 []
4070 []
4079 []
4094 []
4101 []
4102 []
4141 []
4144 []
4147 []
4149 []
4153 []
4154 []
4156 []
4157 []
4159 []
4169 []
4172 []
4176 [3]
4179 []
4197 []
4224 [2, 2]
4244 [3, 3]
4260 [0, 0, 0]
4271 []
4280 []
4281 [0]
4283 []
4295 []
4298 [4, 4, 3]
4303 [3, 3, 1, 0, 0, 0]
4323 []
4327 []
4331 [2]
4338 [3, 3, 3, 3]
4352 []
4374 []
4398 []
4415 []
4436 []
4458 []
4463 []
4467 []
4469 []
4478 []
4483 []
4490 []
4497 []
4510 []
4512 []
4520 []
4521 []
4568 []
4571 []
4594 []
4599 []
4604 []
4606 [2, 2]
4607 []
4611 []
4629 []
4646 []
4658 []
4668 []
4681 []
4706 []
4711 []
4725 []
4739 []
4747 [0, 0]
4757 []
4759 []
4763 []
4765 []
4767 []
4769 []
4770 []
4773 []
4776 []
4795 []
4798 []
4799 []
4811 []
4818 []
4883 []
4897 []
4905 []
4920 [0, 0, 1, 1, 1, 3, 3, 2]
4927 [0]
4931 [2, 2]
4932 []
4944 []
4969 []
4970 []
4972 []
4985 []
4991 []
4992 []
4999 [1, 1]
5001 []
5008 [4]
5009 []
5013 []
5014 []
5015 []
5017 []
5023 []
5024 []
5056 []
5060 []
5062 []
5070 []
5072 []
5084 []
5087 []
5095 []
5097 []
5099 []
5100 []
5117 [4]
5134 [1, 1, 1]
5135 []
5139 []
5144 []
5154 []
5165 []
5171 []
5191 []
5194 []
5210 [2, 2]
5211 []
5221 []
5222 []
5234 []
5250 []
5279 []
5280 []
5288 []
5289 []
5296 []
5306 []
5310 []
5331 []
5349 []
5363 [4, 4]
5364 []
5377 []
5379 []
5409 []
5415 []
5444 []
5457 []
5474 []
5476 []
5486 []
5492 []
5500 []
5506 []
5510 []
5511 []
5518 []
5519 []
5520 []
5521 []
5534 []
5535 [0]
5537 []
5549 []
5564 [4, 4]
5588 []
5604 []
5614 []
5633 []
5634 []
5645 []
5651 [1]
5652 []
5653 []
5686 []
5689 []
5697 []
5727 []
5731 []
5737 []
5738 []
5744 []
5751 []
5761 []
5773 []
5794 []
5889 []
5905 []

 ONE_HIT: 0.1515837104072398