5 []
9 []
15 [18]
17 [11]
18 []
25 []
35 [3, 4, 10]
54 []
60 [13]
62 []
64 []
67 []
89 []
103 [7, 13, 6, 10]
105 []
124 [15]
130 []
176 []
195 []
206 []
254 []
302 []
376 []
377 []
382 []
414 []
437 [17, 10, 12, 13, 5, 6, 1]
443 []
448 [17]
483 []
488 []
511 []
562 []
571 []
595 []
604 []
605 []
623 []
655 []
676 []
686 []
689 [2]
690 []
695 []
702 []
713 []
749 [18]
783 []
786 []
791 []
843 [14]
847 []
912 [0]
916 []
918 []
919 []
935 [16, 19, 15, 14, 17, 6, 7, 0, 12, 9, 2, 5, 18]
1002 []
1134 []
1190 [5, 10, 0, 2, 9, 19]
1225 []
1230 []
1284 []
1307 []
1317 []
1331 []
1335 []
1352 []
1485 []
1551 []
1659 []
1681 []
1711 [16, 7, 14]
1725 [18]
1733 []
1736 []
1826 []
1913 []
1922 []
1929 []
1931 [3]
1949 [3, 9, 1, 2]
1953 [3, 17]
1954 [1]
1955 [1]
1956 [1]
1959 [7]
1960 [5]
1961 [13, 15]
1963 []
1981 []
1982 [3]
1983 [3, 17, 2]
1991 [19]
1995 []
1996 []
2001 []
2004 []
2032 []
2040 []
2106 [5]
2129 []
2133 []
2145 []
2187 []
2193 [0]
2197 []
2215 []
2216 []
2226 [18, 17, 14, 5]
2243 []
2248 []
2305 []
2324 []
2354 []
2357 []
2372 []
2373 []
2388 []
2423 []
2424 []
2467 [0, 17, 2]
2538 []
2573 []
2576 []
2608 [16, 9, 6]
2619 []
2626 []
2640 []
2651 []
2674 [13, 6, 4]
2720 [2, 18]
2729 []
2739 []
2742 []
2784 [4]
2804 []
2805 []
2813 []
2818 []
2832 []
2834 []
2857 []
2861 [17, 12]
2888 []
2906 []
2957 []
2959 []
2966 [19]
3006 []
3007 []
3044 [19]
3088 [7]
3096 []
3097 []
3099 []
3118 []
3123 []
3136 []
3145 []
3162 []
3164 []
3170 []
3185 []
3227 []
3280 []
3281 []
3302 [12]
3378 []
3382 []
3389 [1]
3392 []
3415 []
3427 []
3428 [7, 11, 15, 9, 4, 13]
3433 []
3452 []
3478 []
3501 []
3603 []
3604 [1, 18]
3609 []
3610 [16]
3613 []
3627 []
3663 []
3710 [6]
3717 [16]
3723 [8]
3724 []
3735 [1, 16]
3736 []
3738 []
3751 []
3752 []
3754 [10, 14]
3759 []
3764 [7]
3767 []
3774 []
3778 [14]
3779 []
3784 []
3787 []
3802 []
3809 []
3820 []
3825 [2]
3830 []
3832 []
3833 []
3839 []
3842 []
3845 []
3853 []
3857 [10]
3858 []
3860 []
3870 []
3881 []
3889 []
3890 [15, 19, 6, 10]
3893 [5]
3895 []
3896 [6]
3898 []
3924 []
3928 []
3932 []
3936 []
3954 []
3964 [4, 10, 15]
3967 [1]
3974 [11, 2, 5]
3994 []
4004 [8, 2, 9]
4006 []
4011 []
4017 []
4018 []
4030 []
4037 [12]
4038 []
4044 []
4046 []
4049 []
4050 [8, 6]
4053 []
4055 [4, 14, 15, 3, 11, 0]
4058 []
4061 []
4063 []
4070 []
4079 []
4094 []
4101 []
4102 []
4141 []
4144 []
4147 []
4149 []
4153 []
4154 []
4156 []
4157 []
4159 [7]
4169 []
4172 []
4176 [16, 0]
4179 []
4197 [17]
4224 [8, 4, 13, 18]
4244 []
4260 [12]
4271 []
4280 []
4281 []
4283 []
4295 []
4298 [18, 6]
4303 [6, 9, 1, 13, 17]
4323 []
4327 [19, 17, 10]
4331 [7]
4338 [15]
4352 []
4374 [2]
4398 []
4415 []
4436 []
4458 []
4463 []
4467 []
4469 []
4478 []
4483 []
4490 []
4497 []
4510 [6]
4512 []
4520 []
4521 []
4568 [16, 7]
4571 []
4594 []
4599 []
4604 []
4606 [19]
4607 [12, 4]
4611 []
4629 []
4646 [6, 14]
4658 []
4668 []
4681 []
4706 []
4711 []
4725 [15]
4739 []
4747 [0]
4757 []
4759 []
4763 []
4765 []
4767 []
4769 []
4770 []
4773 []
4776 []
4795 []
4798 [8]
4799 []
4811 []
4818 []
4883 []
4897 [13]
4905 []
4920 [15, 3, 5, 2, 19, 4, 0]
4927 []
4931 [0]
4932 [17]
4944 []
4969 []
4970 []
4972 []
4985 []
4991 []
4992 []
4999 []
5001 []
5008 []
5009 []
5013 []
5014 []
5015 [0, 9]
5017 []
5023 []
5024 []
5056 []
5060 []
5062 []
5070 []
5072 []
5084 []
5087 []
5095 [12]
5097 []
5099 []
5100 []
5117 [1, 7, 16, 0, 3, 2, 5]
5134 [4, 0, 2, 16]
5135 [3]
5139 [0]
5144 []
5154 []
5165 []
5171 []
5191 []
5194 []
5210 []
5211 []
5221 [0]
5222 []
5234 []
5250 []
5279 []
5280 [18]
5288 []
5289 []
5296 []
5306 []
5310 [7]
5331 []
5349 []
5363 [19, 3, 13]
5364 []
5377 []
5379 []
5409 [15, 18, 6]
5415 []
5444 []
5457 []
5474 []
5476 []
5486 [14]
5492 []
5500 []
5506 [9]
5510 []
5511 []
5518 [3, 16]
5519 []
5520 []
5521 []
5534 []
5535 []
5537 []
5549 []
5564 []
5588 []
5604 []
5614 []
5633 []
5634 [0]
5645 []
5651 [14]
5652 [18]
5653 []
5686 []
5689 [0]
5697 []
5727 []
5731 []
5737 []
5738 []
5744 []
5751 []
5761 []
5773 []
5794 []
5889 []
5905 []

 ONE_HIT: 0.23755656108597284