5 []
15 [6]
17 [14, 14]
18 []
35 [8, 8, 9, 9, 9]
60 [10]
64 [6]
89 []
103 [18, 18, 4, 13, 10, 4, 12, 0, 0]
105 []
124 [9, 9, 4, 11]
130 [2, 2, 1]
376 [17]
382 [7]
414 [8, 8]
437 [13, 17, 11, 11, 5, 5, 1, 1, 7, 6]
443 [7, 7]
571 []
689 [6]
702 []
912 [0, 4, 7]
916 []
935 [16, 2, 2, 6, 10, 1, 1, 3, 3, 12, 0, 4, 19, 17]
1002 [2, 2, 2]
1190 [17, 17, 10, 10, 10, 7, 10, 1, 4, 4, 4, 2, 2, 2, 16]
1352 []
1485 []
1711 [4, 2, 2, 2, 2, 4, 18, 4, 3]
1929 [11]
1931 [14, 14]
1949 [14, 1, 17, 17, 2, 2, 12, 18]
1953 [7]
1954 [11]
1955 [9, 9]
1956 [7]
1959 [10, 14, 14, 19]
1960 [7]
1961 [12, 7]
1982 [14]
1983 [16, 16, 6, 2, 2, 13, 14, 14, 19]
1991 [19, 19]
2001 []
2032 []
2106 [1, 4, 16, 0]
2193 []
2215 []
2226 [3, 2, 2]
2248 []
2354 [16, 4, 4]
2372 []
2423 [18]
2467 [2]
2608 [0, 0, 0, 0, 0]
2626 [9]
2651 []
2674 [2, 3, 3, 13, 13, 0, 0, 1, 1]
2784 []
2832 []
2861 [17]
2966 [0, 0]
3044 [15, 15, 7, 7, 7, 7]
3088 [0]
3118 []
3136 [16, 16, 16]
3145 [14, 14]
3227 []
3281 [8, 14]
3382 [12]
3389 [18, 17]
3428 [11, 14, 14, 18, 15, 15, 15, 19, 19, 19, 19, 0, 0, 7, 13, 14, 17, 9, 18, 18, 2, 1, 1, 1, 1, 15, 3]
3452 []
3603 [15, 15, 5, 5, 10, 10, 10]
3710 [18, 18, 6, 6]
3717 [4]
3723 []
3735 [15, 8, 8, 4, 4]
3752 [4, 4, 4]
3754 [16]
3759 [10, 10, 10, 0, 0, 0]
3779 []
3784 [8, 8, 1, 1, 19, 11, 11, 11, 11, 11, 18, 18, 6]
3825 [16, 16, 16]
3839 []
3845 []
3857 []
3858 [6]
3870 []
3889 []
3890 [10, 11, 12, 18, 14, 14, 9, 17, 17, 8, 8, 8, 16, 16]
3895 []
3896 [10, 3, 3, 3, 3, 3]
3898 []
3928 []
3932 [3]
3954 [11]
3964 [3, 1]
3974 [3]
4004 []
4011 []
4030 []
4037 [3, 3]
4050 [7, 7, 7, 3, 12, 12, 12, 12]
4055 [19, 19, 19, 9, 12, 12, 18, 1, 1, 7, 17, 16, 10, 10, 0, 8, 5, 4, 15, 6]
4094 [5]
4102 []
4176 [3]
4244 [19, 3, 3]
4260 [0, 0, 0, 17]
4281 [0]
4283 [12, 12]
4298 [4, 4, 9, 3, 16, 16, 16, 16]
4303 [3, 3, 19, 19, 1, 15, 15, 9, 9, 9, 11, 0, 0, 0]
4327 [18, 18, 6, 6, 11]
4331 [2]
4458 []
4490 []
4568 []
4604 [11, 11, 11]
4606 [2, 2, 16, 16]
4646 [15, 15, 9, 10, 10, 10]
4747 [0, 0, 5, 5]
4798 []
4920 [5, 5, 6, 6, 8, 8, 14, 14, 14, 14, 0, 0, 17, 17, 1, 1, 1, 3, 3, 19, 2, 15]
4931 [2, 2, 7, 7, 7]
4932 []
4972 []
4985 []
4991 [17, 17]
4992 []
5008 [4]
5009 []
5015 [14, 14]
5023 []
5087 []
5095 [11, 11, 17]
5117 [6, 6, 6, 7, 7, 18, 4, 8, 19, 14]
5134 [6, 8, 8, 1, 1, 1]
5135 []
5139 [10]
5191 []
5210 [7, 2, 2]
5234 [10, 10]
5279 [17, 17, 12, 12, 12]
5289 []
5306 []
5363 [4, 4]
5377 [5]
5409 []
5486 []
5506 [15]
5511 []
5518 []
5534 [11, 11]
5588 []
5634 []
5651 [17, 17, 17, 6, 6, 6, 1]
5794 [8, 18, 18]

 ONE_HIT: 0.643312101910828