5 []
15 [18, 18, 18]
17 [11]
18 []
25 []
35 [3, 3, 4, 4, 10, 10, 10, 10]
60 [5, 5, 13, 13]
64 []
89 []
103 [7, 7, 16, 16, 13, 6, 10, 10]
105 [4]
124 [15, 15, 0, 0, 0, 13]
130 [15]
176 []
302 []
376 [14]
382 [13, 13]
414 []
437 [17, 10, 12, 13, 13, 13, 5, 5, 6, 6, 1]
443 [7, 7]
488 []
571 []
689 [5, 2]
702 []
713 []
749 [18, 18]
786 []
791 []
847 []
912 [0]
916 []
935 [16, 19, 15, 14, 17, 6, 6, 7, 0, 0, 12, 12, 9, 2, 5, 18]
1002 [7, 19, 4]
1190 [10, 10, 10, 5, 5, 5, 5, 5, 10, 0, 0, 0, 2, 2, 6, 6, 6, 6, 6, 8, 9, 19, 19, 19]
1331 []
1335 []
1352 []
1485 []
1551 []
1711 [14, 16, 16, 16, 16, 14, 7, 14]
1733 []
1922 []
1929 []
1931 [3, 3]
1949 [3, 4, 4, 9, 1, 1, 18, 2]
1953 [3, 17]
1954 [1, 1]
1955 [1]
1956 [1, 1, 1]
1959 [7]
1960 [5]
1961 [13, 13, 15, 15]
1982 [3, 3]
1983 [3, 17, 17, 17, 17, 17, 1, 1, 19, 19, 2]
1991 [19, 19]
1996 []
2001 []
2032 []
2106 [5, 18, 6]
2133 []
2193 [0, 1, 1]
2197 []
2215 []
2226 [18, 17, 14, 12, 5, 5]
2248 []
2354 [12, 12]
2357 []
2372 []
2423 []
2467 [0, 17, 2, 2, 2]
2573 []
2576 []
2608 [16, 16, 9, 9, 9, 6, 6, 6, 6, 6]
2626 []
2651 []
2674 [13, 13, 6, 6, 6, 4, 4, 4, 4, 4, 4]
2720 [2, 2, 2, 2, 18, 18, 18]
2729 []
2784 [4, 4, 4]
2804 []
2805 []
2832 []
2857 []
2861 [17, 12, 12, 12]
2959 []
2966 [19, 19, 14]
3044 [19, 19]
3088 [7, 8]
3118 [10, 17]
3136 []
3145 []
3162 []
3227 []
3281 []
3382 [14]
3389 [14, 0, 1]
3428 [7, 7, 11, 4, 15, 9, 9, 9, 4, 4, 13, 0, 0, 0]
3452 []
3478 []
3603 [18, 18, 18]
3609 []
3710 [6, 6, 6]
3717 [16, 16, 16]
3723 [8]
3735 [1, 16, 16]
3751 [12]
3752 []
3754 [10, 14]
3759 [1, 1, 1, 5, 5]
3774 [12]
3779 []
3784 [3, 6, 6, 13, 13, 11, 16, 16]
3802 [12]
3820 []
3825 [2]
3830 []
3839 []
3845 []
3853 []
3857 [10]
3858 []
3860 []
3870 []
3889 []
3890 [15, 19, 19, 6, 10, 17]
3893 [5]
3895 []
3896 [6, 6]
3898 []
3928 [19, 14, 7]
3932 []
3936 []
3954 []
3964 [6, 4, 10, 15]
3974 [16, 11, 2, 19, 2, 5]
4004 [8, 8, 8, 8, 2, 2, 2, 2, 9, 9, 10]
4011 []
4030 []
4037 [12, 12]
4038 [1]
4044 [13]
4049 []
4050 [8, 6]
4055 [4, 14, 15, 3, 11, 0]
4061 []
4063 []
4079 []
4094 []
4102 []
4149 []
4159 [7, 7, 7]
4176 [16, 16, 16, 3, 3, 3, 0, 0, 0]
4224 [8, 4, 4, 4, 13, 18]
4244 []
4260 [12, 12]
4271 []
4281 []
4283 [4, 4, 4, 4]
4298 [14, 14, 6, 6, 7, 18, 18, 16, 6, 6]
4303 [2, 9, 6, 6, 6, 9, 1, 1, 13, 17, 17]
4327 [19, 19, 17, 17, 17, 10]
4331 [7, 2, 8, 8, 8]
4338 [2, 15, 15, 15, 15]
4374 [11, 11, 11, 16, 2, 2]
4458 []
4463 []
4469 []
4490 []
4520 []
4568 [16, 16, 7, 7]
4571 []
4604 []
4606 [19, 19]
4607 [12, 12, 12, 4]
4646 [6, 6, 14]
4706 []
4711 [14]
4747 [0, 0, 0, 0]
4763 []
4798 [8, 8]
4897 [13, 13, 8]
4920 [15, 15, 15, 15, 2, 3, 3, 5, 5, 5, 6, 6, 19, 2, 2, 19, 4, 4, 4, 4, 8, 0, 0]
4927 []
4931 [0, 0]
4932 [17, 17]
4944 [0]
4972 []
4985 []
4991 []
4992 []
5008 []
5009 []
5014 []
5015 [0, 0, 9, 9]
5017 []
5023 []
5087 []
5095 [12, 9]
5097 []
5117 [1, 1, 7, 7, 7, 7, 7, 16, 3, 0, 0, 16, 0, 3, 2, 5, 5, 5]
5134 [19, 4, 4, 8, 8, 8, 0, 0, 0, 2, 2, 2, 16, 16]
5135 [9, 3, 3, 3, 3, 3]
5139 [0, 0]
5144 []
5191 []
5194 []
5210 []
5221 [0]
5234 [17, 17, 7, 7]
5279 [17, 6, 16, 16]
5289 []
5306 []
5310 [7, 7, 7]
5363 [19, 19, 3, 13, 13, 7]
5377 [15]
5409 [15, 15, 18, 6, 6, 6, 8, 8]
5444 []
5474 []
5486 [9, 14]
5500 [9]
5506 [8, 9, 9]
5511 [1]
5518 [13, 3, 16]
5534 []
5564 []
5588 []
5604 [8]
5634 [0, 0, 0, 0]
5651 [4, 4, 4, 4, 14, 12]
5653 []
5686 []
5689 [0, 0, 0, 0, 0]
5731 []
5737 []
5744 []
5751 []
5773 []
5794 []
5889 []

 ONE_HIT: 0.49372384937238495