5 []
15 [18]
17 [11]
18 []
25 []
35 [3, 4, 10]
60 [13]
64 []
67 []
89 []
103 [7, 13, 6, 10]
105 []
124 [15]
130 []
176 []
195 []
302 []
376 []
382 []
414 []
437 [17, 10, 12, 13, 5, 6, 1]
443 []
448 [17]
483 []
488 []
511 []
571 []
689 [2]
690 []
702 []
713 []
749 [18]
786 []
791 []
843 [14]
847 []
912 [0]
916 []
935 [16, 19, 15, 14, 17, 6, 7, 0, 12, 9, 2, 5, 18]
1002 []
1190 [5, 10, 0, 2, 9, 19]
1225 []
1284 []
1331 []
1335 []
1352 []
1485 []
1551 []
1711 [16, 7, 14]
1733 []
1736 []
1922 []
1929 []
1931 [3]
1949 [3, 9, 1, 2]
1953 [3, 17]
1954 [1]
1955 [1]
1956 [1]
1959 [7]
1960 [5]
1961 [13, 15]
1982 [3]
1983 [3, 17, 2]
1991 [19]
1996 []
2001 []
2032 []
2106 [5]
2129 []
2133 []
2193 [0]
2197 []
2215 []
2216 []
2226 [18, 17, 14, 5]
2243 []
2248 []
2305 []
2324 []
2354 []
2357 []
2372 []
2373 []
2388 []
2423 []
2424 []
2467 [0, 17, 2]
2573 []
2576 []
2608 [16, 9, 6]
2626 []
2651 []
2674 [13, 6, 4]
2720 [2, 18]
2729 []
2739 []
2784 [4]
2804 []
2805 []
2818 []
2832 []
2834 []
2857 []
2861 [17, 12]
2888 []
2906 []
2959 []
2966 [19]
3044 [19]
3088 [7]
3118 []
3136 []
3145 []
3162 []
3227 []
3281 []
3382 []
3389 [1]
3392 []
3428 [7, 11, 15, 9, 4, 13]
3452 []
3478 []
3501 []
3603 []
3604 [1, 18]
3609 []
3610 [16]
3627 []
3710 [6]
3717 [16]
3723 [8]
3735 [1, 16]
3738 []
3751 []
3752 []
3754 [10, 14]
3759 []
3764 [7]
3774 []
3778 [14]
3779 []
3784 []
3802 []
3809 []
3820 []
3825 [2]
3830 []
3833 []
3839 []
3845 []
3853 []
3857 [10]
3858 []
3860 []
3870 []
3881 []
3889 []
3890 [15, 19, 6, 10]
3893 [5]
3895 []
3896 [6]
3898 []
3924 []
3928 []
3932 []
3936 []
3954 []
3964 [4, 10, 15]
3974 [11, 2, 5]
3994 []
4004 [8, 2, 9]
4011 []
4030 []
4037 [12]
4038 []
4044 []
4049 []
4050 [8, 6]
4055 [4, 14, 15, 3, 11, 0]
4061 []
4063 []
4079 []
4094 []
4101 []
4102 []
4149 []
4159 [7]
4176 [16, 0]
4179 []
4197 [17]
4224 [8, 4, 13, 18]
4244 []
4260 [12]
4271 []
4281 []
4283 []
4295 []
4298 [18, 6]
4303 [6, 9, 1, 13, 17]
4323 []
4327 [19, 17, 10]
4331 [7]
4338 [15]
4374 [2]
4398 []
4458 []
4463 []
4469 []
4490 []
4510 [6]
4520 []
4521 []
4568 [16, 7]
4571 []
4604 []
4606 [19]
4607 [12, 4]
4611 []
4646 [6, 14]
4658 []
4681 []
4706 []
4711 []
4739 []
4747 [0]
4763 []
4795 []
4798 [8]
4897 [13]
4905 []
4920 [15, 3, 5, 2, 19, 4, 0]
4927 []
4931 [0]
4932 [17]
4944 []
4970 []
4972 []
4985 []
4991 []
4992 []
5001 []
5008 []
5009 []
5013 []
5014 []
5015 [0, 9]
5017 []
5023 []
5060 []
5072 []
5087 []
5095 [12]
5097 []
5117 [1, 7, 16, 0, 3, 2, 5]
5134 [4, 0, 2, 16]
5135 [3]
5139 [0]
5144 []
5165 []
5191 []
5194 []
5210 []
5221 [0]
5234 []
5279 []
5289 []
5306 []
5310 [7]
5363 [19, 3, 13]
5377 []
5379 []
5409 [15, 18, 6]
5415 []
5444 []
5474 []
5486 [14]
5500 []
5506 [9]
5511 []
5518 [3, 16]
5519 []
5520 []
5534 []
5535 []
5537 []
5564 []
5588 []
5604 []
5634 [0]
5645 []
5651 [14]
5653 []
5686 []
5689 [0]
5697 []
5727 []
5731 []
5737 []
5738 []
5744 []
5751 []
5761 []
5773 []
5794 []
5889 []
5905 []

 ONE_HIT: 0.32247557003257327