5 []
15 []
17 []
18 []
25 []
35 [3, 3, 4, 4]
60 [5, 5]
64 []
89 []
103 [7, 7, 6]
105 [4]
124 [0, 0, 0]
130 []
176 []
302 []
382 []
414 []
437 [9, 9, 9, 5, 5, 6, 6, 1]
443 [7, 7]
488 []
571 []
689 [5, 2]
702 []
847 []
912 [0]
935 [6, 6, 7, 0, 0, 9, 2, 5]
1002 [7, 4]
1190 [5, 5, 5, 5, 5, 0, 0, 0, 2, 2, 6, 6, 6, 6, 6, 8, 9]
1335 []
1352 []
1485 []
1551 []
1711 [7]
1922 []
1931 [3, 3]
1949 [3, 4, 4, 9, 1, 1, 2]
1953 [3]
1954 [1, 1]
1955 [1]
1956 [1, 1, 1]
1959 [7]
1960 [5]
1961 []
1982 [3, 3]
1983 [3, 1, 1, 2]
1991 []
1996 []
2001 []
2032 []
2106 [5, 6]
2133 []
2193 [0, 1, 1]
2197 []
2226 [5, 5]
2248 []
2354 []
2372 []
2423 []
2467 [0, 2, 2, 2]
2573 []
2576 []
2608 [9, 9, 9, 6, 6, 6, 6, 6]
2626 []
2651 []
2729 []
2784 [4, 4, 4]
2804 []
2861 [9]
2966 []
3044 []
3088 [7, 8]
3118 []
3136 []
3145 []
3281 []
3382 []
3389 [0, 1]
3428 [7, 7, 4, 9, 9, 9, 4, 4, 0, 0, 0]
3603 []
3609 []
3735 [1]
3752 []
3759 [1, 1, 1, 5, 5]
3779 []
3784 [3, 6, 6]
3825 [2]
3830 []
3845 []
3853 []
3857 []
3858 []
3870 []
3889 []
3890 [6]
3896 [6, 6]
3898 []
3928 [7]
3932 []
4030 []
4055 [4, 3, 0]
4102 []
4176 [3, 3, 3, 0, 0, 0]
4244 []
4271 []
4281 []
4283 [4, 4, 4, 4]
4298 [6, 6, 7, 6, 6]
4303 [2, 9, 6, 6, 6, 9, 1, 1]
4327 []
4331 [7, 2, 8, 8, 8]
4458 []
4490 []
4604 []
4606 []
4646 [6, 6]
4706 []
4711 []
4747 [0, 0, 0, 0]
4763 []
4920 [2, 3, 3, 5, 5, 5, 6, 6, 2, 2, 4, 4, 4, 4, 8, 0, 0]
4932 []
4972 []
4985 []
4992 []
5008 []
5087 []
5117 [1, 1, 7, 7, 7, 7, 7, 3, 0, 0, 0, 3, 2, 5, 5, 5]
5134 [4, 4, 8, 8, 8, 0, 0, 0, 2, 2, 2]
5210 []
5221 [0]
5279 [6]
5289 []
5306 []
5310 [7, 7, 7]
5377 []
5409 [6, 6, 6, 8, 8]
5474 []
5486 [9]
5506 [8, 9, 9]
5511 [1]
5518 [9, 3]
5534 []
5744 []

 ONE_HIT: 0.4125874125874126