5 []
15 [18]
17 [11]
35 [3, 4, 10]
60 [13]
64 []
89 []
103 [7, 13, 6, 10]
105 []
124 [15]
130 []
376 []
382 []
414 []
437 [17, 10, 12, 13, 5, 6, 1]
443 []
571 []
689 [2]
702 []
791 []
912 [0]
916 []
935 [16, 19, 15, 14, 17, 6, 7, 0, 12, 9, 2, 5, 18]
1002 []
1190 [5, 10, 0, 2, 9, 19]
1331 []
1352 []
1485 []
1711 [16, 7, 14]
1929 []
1931 [3]
1949 [3, 9, 1, 2]
1953 [3, 17]
1954 [1]
1955 [1]
1956 [1]
1959 [7]
1960 [5]
1961 [13, 15]
1982 [3]
1983 [3, 17, 2]
1991 [19]
2001 []
2032 []
2106 [5]
2193 [0]
2215 []
2226 [18, 17, 14, 5]
2248 []
2338 [0, 16, 14, 10, 19, 6, 12]
2354 []
2372 []
2423 []
2467 [0, 17, 2]
2608 [16, 9, 6]
2626 []
2651 []
2674 [13, 6, 4]
2784 [4]
2832 []
2851 [19]
2857 []
2861 [17, 12]
2883 []
2897 []
2912 [19]
2916 []
2921 [13]
2966 [19]
3044 [19]
3088 [7]
3118 []
3136 []
3180 [19, 4]
3227 []
3263 []
3281 []
3382 []
3389 [1]
3428 [7, 11, 15, 9, 4, 13]
3452 []
3603 []
3710 [6]
3717 [16]
3723 [8]
3735 [1, 16]
3751 []
3752 []
3754 [10, 14]
3759 []
3779 []
3784 []
3801 [1]
3837 []
3857 [10]
3858 []
3870 []
3889 []
3890 [15, 19, 6, 10]
3895 []
3896 [6]
3898 []
3928 []
3932 []
3954 []
3964 [4, 10, 15]
3974 [11, 2, 5]
4037 [12]
4044 []
4050 [8, 6]
4055 [4, 14, 15, 3, 11, 0]
4094 []
4127 [14]
4159 [7]
4176 [16, 0]
4224 [8, 4, 13, 18]
4244 []
4255 []
4260 [12]
4281 []
4283 []
4298 [18, 6]
4299 []
4303 [6, 9, 1, 13, 17]
4327 [19, 17, 10]
4331 [7]
4372 []
4374 [2]
4375 []
4378 []
4380 []
4472 []
4475 [15]
4490 []
4524 []
4568 [16, 7]
4570 []
4571 []
4604 []
4606 [19]
4607 [12, 4]
4646 [6, 14]
4747 [0]
4791 []
4798 [8]
4897 [13]
4920 [15, 3, 5, 2, 19, 4, 0]
4927 []
4931 [0]
4932 [17]
4944 []
4972 []
4991 []
4992 []
5008 []
5015 [0, 9]
5087 []
5095 [12]
5097 []
5117 [1, 7, 16, 0, 3, 2, 5]
5134 [4, 0, 2, 16]
5135 [3]
5139 [0]
5210 []
5234 []
5279 []
5289 []
5363 [19, 3, 13]
5377 []
5409 [15, 18, 6]
5413 []
5486 [14]
5506 [9]
5509 [4, 15]
5511 []
5518 [3, 16]
5525 []
5534 []
5547 []
5555 []
5564 []
5642 []
5651 [14]
5689 [0]
5709 []
5724 []
5771 []
5782 []
5794 []

 ONE_HIT: 0.48148148148148145