5 []
15 []
17 []
35 [2]
60 []
64 []
89 []
103 [7, 8, 6]
105 []
124 []
130 []
376 [4]
382 []
414 [8]
437 [9, 4, 3, 7, 8, 2]
443 []
571 []
689 [4]
702 []
912 []
916 []
935 [3, 2, 8, 9, 0]
1002 []
1190 [5, 1, 0]
1352 []
1485 []
1711 []
1929 [9]
1931 [3]
1949 [3, 0, 4]
1953 []
1954 [2]
1955 []
1956 [1]
1959 []
1960 []
1961 []
1982 [1]
1983 [1, 2]
1991 []
2001 []
2032 []
2106 []
2193 []
2226 []
2248 []
2354 [7]
2372 []
2423 []
2467 []
2608 [4]
2626 []
2651 []
2784 []
2861 [3]
2966 []
3044 [6]
3088 []
3118 []
3136 []
3227 []
3281 []
3382 []
3389 []
3428 [0, 4, 5, 9, 6, 8]
3603 []
3723 []
3735 [1]
3752 []
3759 []
3779 []
3784 [1]
3857 []
3858 []
3870 []
3889 []
3890 [8, 5, 1]
3895 []
3896 []
3898 []
3928 []
3932 []
3974 [5]
4050 [4]
4055 [5, 1]
4176 [9]
4244 []
4281 []
4283 []
4298 [1]
4303 [9]
4327 [1]
4331 [7]
4490 []
4604 []
4606 []
4646 [3]
4747 [5]
4920 [0, 9, 2, 1, 8]
4932 []
4972 []
4992 []
5008 []
5087 []
5095 [9, 4]
5117 [9, 7, 4, 0]
5134 [3, 4, 9]
5135 []
5210 []
5279 []
5289 []
5363 [9, 5]
5377 []
5409 []
5486 []
5506 []
5511 [8]
5518 []
5534 []
5794 []

 ONE_HIT: 0.325