5 []
15 [18, 18, 18]
17 [11]
18 []
35 [3, 3, 4, 4, 10, 10, 10, 10]
60 [5, 5, 13, 13]
64 []
89 []
103 [7, 7, 16, 16, 13, 6, 10, 10]
105 [4]
124 [15, 15, 0, 0, 0, 13]
130 [15]
382 [13, 13]
414 []
437 [17, 10, 12, 13, 13, 13, 5, 5, 6, 6, 1]
443 [7, 7]
571 []
689 [5, 2]
702 []
912 [0]
935 [16, 19, 15, 14, 17, 6, 6, 7, 0, 0, 12, 12, 9, 2, 5, 18]
1002 [7, 19, 4]
1190 [10, 10, 10, 5, 5, 5, 5, 5, 10, 0, 0, 0, 2, 2, 6, 6, 6, 6, 6, 8, 9, 19, 19, 19]
1352 []
1485 []
1711 [14, 16, 16, 16, 16, 14, 7, 14]
1931 [3, 3]
1949 [3, 4, 4, 9, 1, 1, 18, 2]
1953 [3, 17]
1954 [1, 1]
1955 [1]
1956 [1, 1, 1]
1959 [7]
1960 [5]
1961 [13, 13, 15, 15]
1982 [3, 3]
1983 [3, 17, 17, 17, 17, 17, 1, 1, 19, 19, 2]
1991 [19, 19]
2001 []
2032 []
2106 [5, 18, 6]
2193 [0, 1, 1]
2226 [18, 17, 14, 12, 5, 5]
2248 []
2354 [12, 12]
2372 []
2423 []
2467 [0, 17, 2, 2, 2]
2608 [16, 16, 9, 9, 9, 6, 6, 6, 6, 6]
2626 []
2651 []
2784 [4, 4, 4]
2861 [17, 12, 12, 12]
2966 [19, 19, 14]
3044 [19, 19]
3088 [7, 8]
3118 [10, 17]
3136 []
3145 []
3281 []
3382 [14]
3389 [14, 0, 1]
3428 [7, 7, 11, 4, 15, 9, 9, 9, 4, 4, 13, 0, 0, 0]
3603 [18, 18, 18]
3735 [1, 16, 16]
3752 []
3759 [1, 1, 1, 5, 5]
3779 []
3784 [3, 6, 6, 13, 13, 11, 16, 16]
3825 [2]
3845 []
3857 [10]
3858 []
3870 []
3889 []
3890 [15, 19, 19, 6, 10, 17]
3896 [6, 6]
3898 []
3928 [19, 14, 7]
3932 []
4030 []
4055 [4, 14, 15, 3, 11, 0]
4102 []
4176 [16, 16, 16, 3, 3, 3, 0, 0, 0]
4244 []
4281 []
4283 [4, 4, 4, 4]
4298 [14, 14, 6, 6, 7, 18, 18, 16, 6, 6]
4303 [2, 9, 6, 6, 6, 9, 1, 1, 13, 17, 17]
4327 [19, 19, 17, 17, 17, 10]
4331 [7, 2, 8, 8, 8]
4458 []
4490 []
4604 []
4606 [19, 19]
4646 [6, 6, 14]
4747 [0, 0, 0, 0]
4920 [15, 15, 15, 15, 2, 3, 3, 5, 5, 5, 6, 6, 19, 2, 2, 19, 4, 4, 4, 4, 8, 0, 0]
4932 [17, 17]
4972 []
4985 []
4992 []
5008 []
5087 []
5117 [1, 1, 7, 7, 7, 7, 7, 16, 3, 0, 0, 16, 0, 3, 2, 5, 5, 5]
5134 [19, 4, 4, 8, 8, 8, 0, 0, 0, 2, 2, 2, 16, 16]
5210 []
5279 [17, 6, 16, 16]
5289 []
5306 []
5377 [15]
5409 [15, 15, 18, 6, 6, 6, 8, 8]
5486 [9, 14]
5506 [8, 9, 9]
5511 [1]
5518 [13, 3, 16]
5534 []

 ONE_HIT: 0.6324786324786325