5 []
9 []
15 []
17 [14]
18 []
25 []
35 [8, 9]
54 []
60 []
62 [4]
64 [6]
67 []
89 []
103 [18, 13, 10, 4, 12, 0]
105 []
124 [9, 11]
130 []
176 []
206 [14]
254 []
302 []
382 [7]
414 [8]
437 [13, 17, 11, 5, 1, 7, 6]
443 []
448 [2]
483 []
488 []
511 []
562 []
571 []
686 []
689 []
695 []
702 []
847 []
912 [0, 4, 7]
935 [16, 2, 6, 10, 1, 3, 12, 0, 4, 19, 17]
1002 [2]
1190 [17, 7, 10, 1, 4, 2, 16]
1225 []
1307 []
1317 []
1335 [14]
1352 []
1485 []
1551 []
1659 []
1681 []
1711 [2, 18, 4, 3]
1826 []
1922 []
1931 [14]
1949 [14, 1, 2, 18]
1953 [7]
1954 [11]
1955 [9]
1956 [7]
1959 [10, 14, 19]
1960 [7]
1961 [12]
1981 []
1982 [14]
1983 [16, 6, 13, 19]
1991 [19]
1995 []
1996 []
2001 []
2032 []
2040 []
2106 [1]
2129 []
2133 []
2187 []
2193 []
2197 []
2226 [2]
2243 []
2248 []
2324 [1]
2354 [16, 4]
2372 []
2373 []
2388 []
2423 []
2467 [2]
2573 []
2576 [1]
2608 [0]
2626 []
2640 []
2651 []
2729 []
2739 []
2742 [4]
2784 []
2804 []
2813 []
2861 [17]
2888 [14, 19]
2906 [0]
2966 [0]
3044 [15, 7]
3088 [0]
3097 []
3118 []
3136 [16]
3145 [14]
3164 []
3170 []
3281 [8, 14]
3382 []
3389 [17]
3392 []
3427 []
3428 [11, 19, 0, 7, 13, 14, 17, 9, 18, 2, 1, 15, 3]
3501 [7]
3603 [15, 5]
3609 []
3613 []
3663 []
3724 [19]
3735 [15, 8, 4]
3752 [4]
3759 [10]
3778 []
3779 []
3784 [8, 1, 11, 6]
3787 []
3825 [16]
3830 []
3842 []
3845 []
3853 []
3857 []
3858 [6]
3870 []
3889 []
3890 [10, 11, 12, 18, 14, 9, 17, 8, 16]
3896 [10]
3898 []
3928 []
3932 [3]
3994 []
4017 []
4030 []
4055 [19, 9, 12, 18, 1, 7, 17, 16, 10, 0, 8, 5, 4, 15, 6]
4070 []
4102 []
4141 []
4144 []
4147 []
4156 []
4157 []
4169 []
4176 [3]
4179 []
4244 []
4271 []
4281 [0]
4283 [12]
4298 [4, 9, 3, 16]
4303 [3, 19, 15, 9, 11, 0]
4327 [18, 6, 11]
4331 []
4458 []
4490 []
4599 []
4604 [11]
4606 [2, 16]
4611 []
4646 [15, 9, 10]
4706 []
4711 [6]
4739 []
4747 [0, 5]
4763 [13]
4799 []
4883 []
4920 [5, 6, 8, 14, 17, 1, 3, 19, 2, 15]
4932 []
4972 []
4985 []
4992 []
5001 []
5008 []
5060 []
5072 []
5084 []
5087 []
5099 []
5100 []
5117 [7, 18, 4, 14]
5134 [6, 8, 1]
5154 []
5210 [7]
5221 []
5222 []
5250 []
5279 [12]
5289 []
5306 []
5310 []
5331 []
5377 []
5379 []
5409 []
5474 []
5476 []
5486 []
5506 []
5511 []
5518 []
5534 [11]
5537 []
5549 []
5614 []
5744 []

 ONE_HIT: 0.3623853211009174