5 []
15 []
17 []
35 [8, 9]
60 []
64 [6]
89 []
103 [4, 0]
105 []
124 [9]
130 []
376 []
382 [7]
414 [8]
437 [5, 1, 7, 6]
443 []
571 []
689 []
702 []
912 [0, 4, 7]
916 []
935 [2, 6, 1, 3, 0, 4]
1002 [2]
1190 [7, 1, 4, 2]
1352 []
1485 []
1711 [2, 4, 3]
1929 []
1931 []
1949 [1, 2]
1953 [7]
1954 []
1955 [9]
1956 [7]
1959 []
1960 [7]
1961 []
1982 []
1983 [6]
1991 []
2001 []
2032 []
2106 [1]
2193 []
2215 []
2226 [2]
2248 []
2354 [4]
2372 []
2423 []
2467 [2]
2608 [0]
2626 []
2651 []
2674 [2, 3, 0, 1]
2784 []
2832 []
2861 []
2966 [0]
3044 []
3088 [0]
3118 []
3136 []
3227 []
3281 [8]
3382 []
3389 []
3428 [0, 7, 9, 2, 1, 3]
3452 []
3603 [5]
3710 [6]
3717 [4]
3723 []
3735 [8, 4]
3752 [4]
3754 []
3759 []
3779 []
3784 [8, 1, 6]
3857 []
3858 [6]
3870 []
3889 []
3890 [8]
3895 []
3896 []
3898 []
3928 []
3932 [3]
3954 []
3964 [1]
3974 [3]
4037 [3]
4050 [7, 3]
4055 [9, 1, 7, 0, 8, 5, 4, 6]
4094 [5]
4176 [3]
4244 []
4260 [0]
4281 [0]
4283 []
4298 [4, 9, 3]
4303 [3, 9, 0]
4327 [6]
4331 []
4490 []
4568 []
4604 []
4606 [2]
4646 [9]
4747 [0, 5]
4798 []
4920 [5, 6, 8, 1, 3, 2]
4931 [2, 7]
4932 []
4972 []
4991 []
4992 []
5008 []
5015 []
5087 []
5095 []
5117 [7, 4]
5134 [6, 8, 1]
5135 []
5139 []
5210 [7]
5234 []
5279 []
5289 []
5363 [4]
5377 []
5409 []
5486 []
5506 []
5511 []
5518 []
5534 []
5651 [6, 1]
5794 [8]

 ONE_HIT: 0.42857142857142855