5 []
15 []
17 []
35 [3, 4]
60 []
64 []
89 []
103 [7, 6]
105 []
124 []
130 []
376 []
382 []
414 []
437 [9, 5, 6, 1]
443 []
571 []
689 [2]
702 []
791 []
912 [0]
916 []
935 [6, 7, 0, 9, 2, 5]
1002 []
1190 [5, 0, 2, 9]
1331 []
1352 []
1485 []
1711 [7]
1929 []
1931 [3]
1949 [3, 9, 1, 2]
1953 [3]
1954 [1]
1955 [1]
1956 [1]
1959 [7]
1960 [5]
1961 []
1982 [3]
1983 [3, 2]
1991 []
2001 []
2032 []
2106 [5]
2193 [0]
2215 []
2226 [5]
2248 []
2354 []
2372 []
2423 []
2467 [0, 2]
2608 [9, 6]
2626 []
2651 []
2674 [6, 4]
2784 [4]
2832 []
2857 []
2861 [9]
2966 []
3044 []
3088 [7]
3118 []
3136 []
3227 []
3281 []
3382 []
3389 [1]
3428 [7, 9, 4]
3452 []
3603 []
3710 [6]
3717 []
3723 [8]
3735 [1]
3751 []
3752 []
3754 []
3759 []
3779 []
3784 []
3857 []
3858 []
3870 []
3889 []
3890 [6]
3895 []
3896 [6]
3898 []
3928 []
3932 []
3954 []
3964 [4]
3974 [6]
4037 []
4044 []
4050 [8, 6]
4055 [4, 3, 0]
4094 []
4159 [7]
4176 [0]
4224 [8, 4]
4244 []
4260 []
4281 []
4283 []
4298 [6]
4303 [6, 9, 1]
4327 []
4331 [7]
4374 [2]
4490 []
4568 [7]
4571 []
4604 []
4606 []
4607 [4]
4646 [6]
4747 [0]
4798 [8]
4897 []
4920 [3, 5, 2, 4, 0]
4927 []
4931 [0]
4932 []
4944 []
4972 []
4991 []
4992 []
5008 []
5015 [0, 9]
5087 []
5095 []
5097 []
5117 [1, 7, 0, 3, 2, 5]
5134 [4, 0, 2]
5135 [3]
5139 [0]
5210 []
5234 []
5279 []
5289 []
5363 [3]
5377 []
5409 [6]
5486 []
5506 [9]
5511 []
5518 [3]
5534 []
5564 []
5651 []
5689 [0]
5794 []

 ONE_HIT: 0.3974358974358974