5 []
15 []
17 []
18 []
25 []
35 [2, 2]
60 []
64 []
67 []
89 []
103 []
105 []
124 [3]
130 []
176 []
195 []
302 []
376 [4, 4]
382 []
414 []
437 [4, 4, 3, 3, 2]
443 []
448 []
483 []
488 []
511 []
571 []
689 [4]
690 [2, 2]
702 []
713 []
749 []
786 []
791 []
843 []
847 []
912 []
916 []
935 [3, 2, 2, 0]
1002 []
1190 [1, 1, 1, 0, 0, 3, 3, 3, 3, 3]
1225 []
1284 []
1331 []
1335 []
1352 []
1485 []
1551 []
1711 []
1733 []
1736 []
1922 []
1929 []
1931 [3, 3]
1949 [3, 0, 0, 4]
1953 []
1954 [2, 2]
1955 []
1956 [1, 1, 1]
1959 []
1960 []
1961 []
1982 [1, 1]
1983 [1, 4, 4, 2]
1991 []
1996 []
2001 []
2032 []
2106 [0]
2129 []
2133 []
2193 []
2197 []
2215 []
2216 []
2226 []
2243 []
2248 []
2305 []
2324 []
2354 []
2357 []
2372 []
2373 []
2388 []
2423 [0, 0, 0]
2424 []
2467 []
2573 []
2576 []
2608 [4, 4, 4, 4, 4]
2626 []
2651 []
2674 [1]
2720 []
2729 []
2739 []
2784 []
2804 []
2805 []
2818 []
2832 []
2834 [1, 1, 3]
2857 []
2861 [4]
2888 []
2906 [3, 3]
2959 []
2966 []
3044 [4, 4, 4]
3088 []
3118 []
3136 []
3145 []
3162 []
3227 []
3281 []
3382 []
3389 []
3392 []
3428 [0, 0, 4]
3452 []
3478 []
3501 []
3603 []
3604 []
3609 []
3610 []
3627 []
3710 [3, 3, 3, 2, 2, 2]
3717 []
3723 []
3735 [1]
3738 []
3751 []
3752 []
3754 []
3759 []
3764 []
3774 []
3778 []
3779 []
3784 [1]
3802 [4]
3809 []
3820 []
3825 []
3830 []
3833 []
3839 []
3845 []
3853 []
3857 []
3858 []
3860 []
3870 []
3881 []
3889 []
3890 [1]
3893 []
3895 []
3896 []
3898 []
3924 []
3928 []
3932 []
3936 []
3954 []
3964 []
3974 []
3994 []
4004 [3]
4011 []
4030 [2, 2, 2, 2]
4037 []
4038 [1]
4044 []
4049 []
4050 [4]
4055 [1]
4061 [0]
4063 []
4079 []
4094 []
4101 []
4102 []
4149 []
4159 []
4176 []
4179 []
4197 []
4224 []
4244 [0]
4260 [4]
4271 []
4281 []
4283 []
4295 []
4298 [3, 1, 1, 1, 1]
4303 [3]
4323 []
4327 [1, 1, 1]
4331 [0]
4338 []
4374 []
4398 []
4458 []
4463 []
4469 []
4490 []
4510 []
4520 []
4521 []
4568 []
4571 []
4604 []
4606 []
4607 []
4611 []
4646 [3, 3]
4658 []
4681 []
4706 []
4711 []
4739 []
4747 []
4763 []
4795 []
4798 []
4897 [4, 4]
4905 []
4920 [0, 0, 2, 2, 2, 2, 3, 1, 1]
4927 []
4931 []
4932 []
4944 []
4970 []
4972 []
4985 []
4991 []
4992 []
5001 []
5008 []
5009 []
5013 []
5014 []
5015 [0, 0]
5017 []
5023 []
5060 []
5072 []
5087 []
5095 [4]
5097 []
5117 [4, 0, 0, 0]
5134 [3, 3, 4, 4, 4]
5135 []
5139 []
5144 []
5165 []
5191 []
5194 []
5210 []
5221 []
5234 []
5279 [1, 1]
5289 []
5306 [0]
5310 []
5363 []
5377 []
5379 []
5409 []
5415 []
5444 []
5474 []
5486 []
5500 []
5506 []
5511 [1]
5518 []
5519 []
5520 []
5534 []
5535 []
5537 []
5564 [2]
5588 []
5604 []
5634 []
5645 []
5651 []
5653 []
5686 []
5689 []
5697 []
5727 []
5731 []
5737 []
5738 []
5744 []
5751 []
5761 []
5773 []
5794 []
5889 [1, 1]
5905 []

 ONE_HIT: 0.16938110749185667