5 []
9 []
15 [18]
17 [11]
18 []
25 []
35 [3, 4, 10]
54 []
60 [13]
62 []
64 []
67 []
89 []
103 [7, 13, 6, 10]
105 []
124 [15]
130 []
176 []
195 []
206 []
254 []
302 []
376 []
382 []
414 []
437 [17, 10, 12, 13, 5, 6, 1]
443 []
448 [17]
483 []
488 []
511 []
562 []
571 []
686 []
689 [2]
695 []
702 []
713 []
847 []
912 [0]
916 []
935 [16, 19, 15, 14, 17, 6, 7, 0, 12, 9, 2, 5, 18]
1002 []
1190 [5, 10, 0, 2, 9, 19]
1225 []
1230 []
1307 []
1317 []
1335 []
1352 []
1485 []
1551 []
1659 []
1681 []
1711 [16, 7, 14]
1826 []
1922 []
1929 []
1931 [3]
1949 [3, 9, 1, 2]
1953 [3, 17]
1954 [1]
1955 [1]
1956 [1]
1959 [7]
1960 [5]
1961 [13, 15]
1963 []
1981 []
1982 [3]
1983 [3, 17, 2]
1991 [19]
1995 []
1996 []
2001 []
2004 []
2032 []
2040 []
2106 [5]
2129 []
2133 []
2187 []
2193 [0]
2197 []
2226 [18, 17, 14, 5]
2243 []
2248 []
2305 []
2324 []
2354 []
2372 []
2373 []
2388 []
2423 []
2467 [0, 17, 2]
2573 []
2576 []
2608 [16, 9, 6]
2626 []
2640 []
2651 []
2729 []
2739 []
2742 []
2784 [4]
2804 []
2813 []
2861 [17, 12]
2888 []
2906 []
2957 []
2959 []
2966 [19]
3044 [19]
3088 [7]
3097 []
3118 []
3136 []
3145 []
3164 []
3170 []
3227 []
3281 []
3378 []
3382 []
3389 [1]
3392 []
3415 []
3427 []
3428 [7, 11, 15, 9, 4, 13]
3478 []
3501 []
3603 []
3609 []
3613 []
3663 []
3723 [8]
3724 []
3735 [1, 16]
3752 []
3759 []
3778 [14]
3779 []
3784 []
3787 []
3825 [2]
3830 []
3842 []
3845 []
3853 []
3857 [10]
3858 []
3870 []
3889 []
3890 [15, 19, 6, 10]
3893 [5]
3895 []
3896 [6]
3898 []
3928 []
3932 []
3936 []
3974 [11, 2, 5]
3994 []
4011 []
4017 []
4030 []
4050 [8, 6]
4055 [4, 14, 15, 3, 11, 0]
4070 []
4101 []
4102 []
4141 []
4144 []
4147 []
4149 []
4156 []
4157 []
4169 []
4172 []
4176 [16, 0]
4179 []
4244 []
4271 []
4280 []
4281 []
4283 []
4298 [18, 6]
4303 [6, 9, 1, 13, 17]
4323 []
4327 [19, 17, 10]
4331 [7]
4398 []
4458 []
4463 []
4490 []
4497 []
4599 []
4604 []
4606 [19]
4611 []
4646 [6, 14]
4706 []
4711 []
4739 []
4747 [0]
4757 []
4763 []
4799 []
4883 []
4920 [15, 3, 5, 2, 19, 4, 0]
4932 [17]
4972 []
4985 []
4992 []
5001 []
5008 []
5023 []
5056 []
5060 []
5062 []
5070 []
5072 []
5084 []
5087 []
5095 [12]
5099 []
5100 []
5117 [1, 7, 16, 0, 3, 2, 5]
5134 [4, 0, 2, 16]
5135 [3]
5154 []
5210 []
5221 [0]
5222 []
5250 []
5279 []
5280 [18]
5289 []
5306 []
5310 [7]
5331 []
5363 [19, 3, 13]
5377 []
5379 []
5409 [15, 18, 6]
5474 []
5476 []
5486 [14]
5506 [9]
5511 []
5518 [3, 16]
5519 []
5520 []
5534 []
5537 []
5549 []
5614 []
5634 [0]
5686 []
5744 []
5794 []

 ONE_HIT: 0.27099236641221375