5 []
15 []
17 []
18 []
25 []
35 [2]
60 []
64 []
89 []
103 []
105 []
124 []
130 []
176 []
302 []
376 [4]
382 []
414 []
437 [4, 3, 2]
443 []
488 []
571 []
689 [4]
702 []
713 []
847 []
912 []
916 []
935 [3, 2, 0]
1002 []
1190 [1, 0]
1335 []
1352 []
1485 []
1551 []
1711 []
1922 []
1929 []
1931 [3]
1949 [3, 0, 4]
1953 []
1954 [2]
1955 []
1956 [1]
1959 []
1960 []
1961 []
1982 [1]
1983 [1, 2]
1991 []
1996 []
2001 []
2032 []
2106 []
2133 []
2193 []
2197 []
2226 []
2248 []
2354 []
2372 []
2423 []
2467 []
2573 []
2576 []
2608 [4]
2626 []
2651 []
2729 []
2784 []
2804 []
2861 [4]
2959 []
2966 []
3044 []
3088 []
3118 []
3136 []
3145 []
3227 []
3281 []
3382 []
3389 []
3428 [0, 4]
3478 []
3603 []
3609 []
3723 []
3735 [1]
3752 []
3759 []
3779 []
3784 [1]
3825 []
3830 []
3845 []
3853 []
3857 []
3858 []
3870 []
3889 []
3890 [1]
3893 []
3895 []
3896 []
3898 []
3928 []
3932 []
3936 []
3974 []
4011 []
4030 [2]
4050 [4]
4055 [1]
4102 []
4149 []
4176 []
4244 []
4271 []
4281 []
4283 []
4298 [1]
4303 []
4327 [1]
4331 []
4458 []
4463 []
4490 []
4604 []
4606 []
4646 [3]
4706 []
4711 []
4747 []
4763 []
4920 [0, 2, 1]
4932 []
4972 []
4985 []
4992 []
5008 []
5023 []
5087 []
5095 [4]
5117 [4, 0]
5134 [3, 4]
5135 []
5210 []
5221 []
5279 []
5289 []
5306 [0]
5310 []
5363 []
5377 []
5409 []
5474 []
5486 []
5506 []
5511 []
5518 []
5534 []
5634 []
5686 []
5744 []
5794 []

 ONE_HIT: 0.1746987951807229