5 []
9 []
15 []
17 []
18 []
25 []
35 [2]
54 []
60 []
62 []
64 []
67 []
89 []
103 []
105 []
124 []
130 []
176 []
195 []
206 []
254 []
302 []
376 [4]
377 []
382 []
414 []
437 [4, 3, 2]
443 []
448 []
483 []
488 []
511 []
562 []
571 []
595 []
604 []
605 []
623 []
655 []
676 []
686 []
689 [4]
690 [2]
695 []
702 []
713 []
749 []
783 []
786 []
791 []
843 []
847 []
912 []
916 []
918 []
919 []
935 [3, 2, 0]
1002 []
1134 []
1190 [1, 0]
1225 []
1230 []
1284 []
1307 []
1317 []
1331 []
1335 []
1352 []
1485 []
1551 []
1659 []
1681 []
1711 []
1725 [0]
1733 []
1736 []
1826 []
1913 []
1922 []
1929 []
1931 [3]
1949 [3, 0, 4]
1953 []
1954 [2]
1955 []
1956 [1]
1959 []
1960 []
1961 []
1963 []
1981 []
1982 [1]
1983 [1, 2]
1991 []
1995 []
1996 []
2001 []
2004 []
2032 []
2040 []
2106 []
2129 []
2133 []
2145 []
2187 []
2193 []
2197 []
2215 []
2216 []
2226 []
2243 []
2248 []
2305 []
2324 []
2354 []
2357 []
2372 []
2373 []
2388 []
2423 []
2424 []
2467 []
2538 []
2573 []
2576 []
2608 [4]
2619 []
2626 []
2640 []
2651 []
2674 [1]
2720 []
2729 []
2739 []
2742 []
2784 []
2804 []
2805 []
2813 []
2818 []
2832 []
2834 []
2857 []
2861 [4]
2888 []
2906 [3]
2957 []
2959 []
2966 []
3006 []
3007 []
3044 []
3088 []
3096 []
3097 []
3099 []
3118 []
3123 []
3136 []
3145 []
3162 []
3164 []
3170 []
3185 []
3227 []
3280 []
3281 []
3302 [3]
3378 []
3382 []
3389 []
3392 []
3415 []
3427 []
3428 [0, 4]
3433 []
3452 []
3478 []
3501 []
3603 []
3604 []
3609 []
3610 []
3613 []
3627 []
3663 []
3710 [3, 2]
3717 []
3723 []
3724 []
3735 [1]
3736 []
3738 []
3751 []
3752 []
3754 []
3759 []
3764 []
3767 []
3774 []
3778 []
3779 []
3784 [1]
3787 []
3802 []
3809 []
3820 []
3825 []
3830 []
3832 []
3833 []
3839 []
3842 []
3845 []
3853 []
3857 []
3858 []
3860 []
3870 []
3881 []
3889 []
3890 [1]
3893 []
3895 []
3896 []
3898 []
3924 []
3928 []
3932 []
3936 []
3954 []
3964 []
3967 []
3974 []
3994 []
4004 []
4006 []
4011 []
4017 []
4018 []
4030 [2]
4037 []
4038 []
4044 []
4046 []
4049 []
4050 [4]
4053 []
4055 [1]
4058 []
4061 []
4063 []
4070 []
4079 []
4094 []
4101 []
4102 []
4141 []
4144 []
4147 []
4149 []
4153 []
4154 []
4156 []
4157 []
4159 []
4169 []
4172 []
4176 []
4179 []
4197 []
4224 []
4244 []
4260 []
4271 []
4280 []
4281 []
4283 []
4295 []
4298 [1]
4303 []
4323 []
4327 [1]
4331 []
4338 []
4352 []
4374 []
4398 []
4415 []
4436 []
4458 []
4463 []
4467 []
4469 []
4478 []
4483 []
4490 []
4497 []
4510 []
4512 []
4520 []
4521 []
4568 []
4571 []
4594 []
4599 []
4604 []
4606 []
4607 []
4611 []
4629 []
4646 [3]
4658 []
4668 []
4681 []
4706 []
4711 []
4725 []
4739 []
4747 []
4757 []
4759 []
4763 []
4765 []
4767 []
4769 []
4770 []
4773 []
4776 []
4795 []
4798 []
4799 []
4811 []
4818 []
4883 []
4897 [4]
4905 []
4920 [0, 2, 1]
4927 []
4931 []
4932 []
4944 []
4969 []
4970 []
4972 []
4985 []
4991 []
4992 []
4999 []
5001 []
5008 []
5009 []
5013 []
5014 []
5015 [0]
5017 []
5023 []
5024 []
5056 []
5060 []
5062 []
5070 []
5072 []
5084 []
5087 []
5095 [4]
5097 []
5099 []
5100 []
5117 [4, 0]
5134 [3, 4]
5135 []
5139 []
5144 []
5154 []
5165 []
5171 []
5191 []
5194 []
5210 []
5211 []
5221 []
5222 []
5234 []
5250 []
5279 []
5280 []
5288 []
5289 []
5296 []
5306 [0]
5310 []
5331 []
5349 []
5363 []
5364 []
5377 []
5379 []
5409 []
5415 []
5444 []
5457 []
5474 []
5476 []
5486 []
5492 []
5500 []
5506 []
5510 []
5511 []
5518 []
5519 []
5520 []
5521 [3]
5534 []
5535 []
5537 []
5549 []
5564 []
5588 []
5604 []
5614 []
5633 []
5634 []
5645 []
5651 []
5652 []
5653 []
5686 []
5689 []
5697 []
5727 []
5731 []
5737 []
5738 []
5744 []
5751 []
5761 []
5773 []
5794 []
5889 [1]
5905 []

 ONE_HIT: 0.08823529411764706