5 []
15 []
17 []
18 []
25 []
35 []
60 []
64 []
67 []
89 []
103 [4, 0]
105 []
124 []
130 []
176 []
195 []
302 []
376 []
382 []
414 []
437 [1]
443 []
448 [2]
483 []
488 []
511 []
571 []
689 []
690 []
702 []
713 []
749 []
762 []
786 []
791 []
799 []
843 []
847 []
912 [0, 4]
916 []
935 [2, 1, 3, 0, 4]
1002 [2]
1190 [1, 4, 2]
1225 []
1284 []
1331 []
1335 []
1352 []
1485 []
1551 []
1711 [2, 4, 3]
1733 []
1736 []
1752 []
1822 []
1922 []
1929 []
1931 []
1949 [1, 2]
1953 []
1954 []
1955 []
1956 []
1959 []
1960 []
1961 []
1982 []
1983 []
1991 []
1996 []
2001 []
2032 []
2106 [1]
2129 []
2133 []
2178 []
2193 []
2197 []
2215 []
2216 []
2226 [2]
2243 []
2248 []
2305 []
2324 [1]
2338 [0]
2354 [4]
2357 [3]
2372 []
2373 []
2388 []
2423 []
2424 []
2467 [2]
2573 []
2576 [1]
2608 [0]
2626 []
2647 []
2651 []
2674 [2, 3, 0, 1]
2720 []
2729 []
2739 []
2784 []
2804 []
2805 []
2818 []
2832 []
2834 []
2851 [2]
2857 []
2861 []
2883 []
2888 []
2897 []
2904 []
2906 [0]
2912 []
2916 []
2921 []
2959 []
2966 [0]
3044 []
3088 [0]
3118 []
3134 []
3136 []
3145 []
3162 []
3180 [4]
3227 []
3263 []
3281 []
3382 []
3389 []
3392 []
3428 [0, 2, 1, 3]
3452 []
3478 []
3501 []
3603 []
3604 []
3609 []
3610 []
3627 []
3710 []
3717 [4]
3723 []
3735 [4]
3738 []
3751 []
3752 [4]
3754 []
3759 []
3764 []
3774 []
3778 []
3779 []
3784 [1]
3801 [2]
3802 []
3809 []
3820 []
3825 []
3830 []
3833 []
3835 []
3837 []
3839 []
3845 []
3853 []
3857 []
3858 []
3860 []
3870 []
3881 []
3888 []
3889 []
3890 []
3893 []
3895 []
3896 []
3898 []
3924 []
3928 []
3932 [3]
3936 []
3954 []
3964 [1]
3974 [3]
3994 []
4004 []
4011 []
4030 []
4037 [3]
4038 []
4044 []
4049 []
4050 [3]
4055 [1, 0, 4]
4061 []
4063 []
4079 []
4094 []
4101 []
4102 []
4127 []
4129 []
4139 []
4149 []
4159 []
4176 [3]
4179 []
4197 []
4224 [2]
4244 []
4255 [3]
4260 [0]
4271 []
4281 [0]
4283 []
4295 []
4298 [4, 3]
4299 []
4303 [3, 0]
4323 []
4327 []
4331 []
4334 []
4338 [3]
4372 []
4374 []
4375 []
4378 []
4379 []
4380 []
4398 []
4458 []
4463 []
4469 []
4472 [3]
4475 []
4490 []
4510 []
4520 []
4521 []
4524 []
4552 []
4568 []
4570 []
4571 []
4604 []
4606 [2]
4607 []
4611 []
4646 []
4658 []
4681 []
4706 []
4711 []
4739 []
4747 [0]
4763 []
4791 [4]
4795 []
4798 []
4896 []
4897 []
4905 []
4918 []
4920 [1, 3, 2]
4927 [0]
4931 [2]
4932 []
4944 []
4970 []
4972 []
4985 []
4991 []
4992 []
5001 []
5008 []
5009 []
5013 []
5014 []
5015 []
5017 []
5023 []
5038 []
5060 []
5072 []
5087 []
5095 []
5097 []
5117 [4]
5118 []
5134 [1]
5135 []
5139 []
5144 []
5165 []
5168 []
5182 []
5191 []
5194 []
5210 []
5221 []
5232 []
5234 []
5252 []
5279 []
5289 []
5293 []
5306 []
5310 []
5363 [4]
5377 []
5379 []
5409 []
5413 []
5415 []
5444 []
5447 []
5474 []
5486 []
5500 []
5506 []
5508 []
5509 []
5511 []
5518 []
5519 []
5520 []
5525 []
5534 []
5535 [0]
5537 []
5547 []
5555 []
5556 []
5564 []
5565 []
5588 []
5594 []
5597 []
5600 []
5603 []
5604 []
5634 []
5642 []
5643 []
5645 []
5646 []
5647 []
5650 []
5651 [1]
5653 []
5655 []
5660 []
5686 []
5689 []
5697 []
5706 []
5709 []
5717 []
5724 []
5727 []
5728 []
5731 []
5737 []
5738 []
5740 []
5744 []
5751 []
5761 []
5762 []
5771 []
5773 []
5774 []
5782 []
5794 []
5842 []
5863 []
5889 []
5893 []
5898 []
5905 []

 ONE_HIT: 0.14432989690721648