5 []
15 []
17 []
35 []
60 []
64 []
89 []
103 [0]
105 []
124 []
130 []
376 []
382 []
414 []
437 [1]
443 []
571 []
689 []
702 []
791 []
912 [0]
916 []
935 [2, 1, 0]
1002 [2]
1190 [1, 2]
1331 []
1352 []
1485 []
1711 [2]
1929 []
1931 []
1949 [1, 2]
1953 []
1954 []
1955 []
1956 []
1959 []
1960 []
1961 []
1982 []
1983 []
1991 []
2001 []
2032 []
2106 [1]
2193 []
2215 []
2226 [2]
2248 []
2338 [2]
2354 []
2372 []
2423 []
2467 [2]
2608 [0]
2626 []
2651 []
2674 [2, 0, 1]
2784 []
2832 []
2851 [2]
2857 []
2861 []
2883 []
2897 []
2912 []
2916 []
2921 []
2966 [0]
3044 []
3088 [0]
3118 []
3136 []
3180 []
3227 []
3263 []
3281 []
3382 []
3389 []
3428 [0, 2, 1]
3452 []
3603 []
3710 []
3717 []
3723 []
3735 []
3751 []
3752 []
3754 []
3759 []
3779 []
3784 [1]
3801 [2]
3837 []
3857 []
3858 []
3870 []
3889 []
3890 []
3895 []
3896 []
3898 []
3928 []
3932 []
3954 []
3964 [1]
3974 []
4037 []
4044 []
4050 []
4055 [1, 0]
4094 []
4127 []
4159 []
4176 []
4224 [2]
4244 []
4255 []
4260 [0]
4281 [0]
4283 []
4298 []
4299 []
4303 [0]
4327 []
4331 []
4372 []
4374 []
4375 []
4378 []
4380 []
4472 []
4475 []
4490 []
4524 []
4568 []
4570 []
4571 []
4604 []
4606 [2]
4607 []
4646 []
4747 [0]
4791 []
4798 []
4897 []
4920 [1, 2]
4927 [0]
4931 [2]
4932 []
4944 []
4972 []
4991 []
4992 []
5008 []
5015 []
5087 []
5095 []
5097 []
5117 []
5134 [1]
5135 []
5139 []
5210 []
5234 []
5279 []
5289 []
5363 []
5377 []
5409 []
5413 []
5486 []
5506 []
5509 []
5511 []
5518 []
5525 []
5534 []
5547 []
5555 []
5564 []
5642 []
5651 [1]
5689 []
5709 []
5724 []
5771 []
5782 []
5794 []

 ONE_HIT: 0.1746031746031746