5 []
15 []
17 []
35 [2, 2]
60 [9]
64 []
89 []
103 [7, 7, 8, 6, 6]
105 []
124 [3]
130 []
376 [8, 8, 4, 4]
382 []
414 [8, 8]
437 [9, 9, 9, 4, 4, 3, 3, 7, 7, 8, 2]
443 [9, 9]
571 []
689 [4]
702 []
791 []
912 []
916 []
935 [3, 2, 2, 8, 8, 9, 0]
1002 [8, 6]
1190 [5, 5, 5, 5, 5, 1, 1, 1, 0, 0, 3, 3, 3, 3, 3, 8]
1331 [6]
1352 []
1485 []
1711 []
1929 [9]
1931 [3, 3]
1949 [3, 0, 0, 6, 4]
1953 []
1954 [2, 2]
1955 []
1956 [1, 1, 1]
1959 []
1960 []
1961 []
1982 [1, 1]
1983 [1, 4, 4, 6, 6, 2]
1991 []
2001 []
2032 []
2106 [0]
2193 []
2215 []
2226 []
2248 []
2338 [0, 0, 4, 4, 5, 5, 6, 9, 9]
2354 [7, 7]
2372 []
2423 [0, 0, 0]
2467 []
2608 [4, 4, 4, 4, 4]
2626 []
2651 []
2674 [9, 9, 9, 9, 7, 7, 7, 1]
2784 []
2832 []
2851 []
2857 []
2861 [3]
2883 []
2897 []
2912 []
2916 []
2921 [7, 7]
2966 []
3044 [4, 4, 4, 6, 6]
3088 []
3118 []
3136 []
3180 [6, 6, 6, 8]
3227 []
3263 []
3281 []
3382 []
3389 [8]
3428 [0, 0, 4, 6, 5, 9, 9, 9, 6, 6, 8]
3452 []
3603 []
3710 [3, 3, 3, 2, 2, 2, 6]
3717 [8, 8, 8]
3723 []
3735 [1]
3751 []
3752 []
3754 []
3759 [9]
3779 []
3784 [7, 1]
3801 [4, 4, 0, 0]
3837 []
3857 []
3858 []
3870 []
3889 []
3890 [8, 5, 1]
3895 []
3896 []
3898 []
3928 []
3932 []
3954 [7]
3964 []
3974 [5]
4037 []
4044 []
4050 [4]
4055 [5, 5, 5, 5, 5, 5, 5, 1]
4094 []
4127 []
4159 []
4176 [9, 9, 9]
4224 [7, 7]
4244 [0]
4255 []
4260 [4, 5, 5, 5]
4281 []
4283 []
4298 [8, 8, 3, 1, 1, 1, 1]
4299 []
4303 [3, 9, 9]
4327 [1, 1, 1]
4331 [7, 0]
4372 []
4374 []
4375 []
4378 []
4380 []
4472 []
4475 [0]
4490 []
4524 []
4568 []
4570 []
4571 []
4604 []
4606 []
4607 [7, 7, 7, 9, 9]
4646 [3, 3]
4747 [5, 5]
4791 []
4798 []
4897 [4, 4]
4920 [9, 0, 0, 7, 7, 9, 9, 2, 2, 2, 2, 3, 5, 5, 1, 1, 8]
4927 [5]
4931 []
4932 []
4944 [5]
4972 []
4991 []
4992 []
5008 []
5015 [0, 0]
5087 []
5095 [9, 4]
5097 []
5117 [7, 9, 9, 9, 7, 4, 0, 0, 0]
5134 [3, 3, 4, 4, 4, 9, 9, 9]
5135 []
5139 []
5210 []
5234 []
5279 [1, 1]
5289 []
5363 [9, 5]
5377 []
5409 []
5413 []
5486 []
5506 []
5509 []
5511 [1, 8]
5518 []
5525 []
5534 []
5547 []
5555 [7, 7, 7]
5564 [2]
5642 []
5651 []
5689 []
5709 []
5724 []
5771 [1, 1, 1]
5782 []
5794 []

 ONE_HIT: 0.36507936507936506