5 []
9 []
15 []
17 [2, 4, 4]
18 [0]
25 [3]
35 []
54 []
60 [1, 2, 4]
62 []
64 []
67 [0]
89 []
103 [3]
105 []
124 [1, 2, 2, 0, 4]
130 [3]
176 [0]
195 []
206 []
254 []
302 []
376 []
377 []
382 [2]
414 []
437 []
443 [2, 2]
448 []
483 []
488 []
511 []
562 []
571 []
595 []
604 []
605 []
623 []
655 []
676 []
686 []
689 []
690 []
695 [0]
702 []
713 [0, 0]
749 []
783 []
786 []
791 [0]
843 []
847 []
912 []
916 []
918 [0]
919 []
935 [3, 1, 2, 4]
1002 [0]
1134 []
1190 [1, 2, 3, 3]
1225 []
1230 []
1284 []
1307 []
1317 []
1331 [0]
1335 []
1352 []
1485 []
1551 []
1659 []
1681 []
1711 [2, 4, 0]
1725 []
1733 []
1736 []
1826 []
1913 []
1922 []
1929 [0, 2]
1931 []
1949 []
1953 []
1954 []
1955 []
1956 []
1959 []
1960 []
1961 []
1963 [2]
1981 []
1982 []
1983 []
1991 []
1995 []
1996 [1, 1]
2001 [1, 2, 2]
2004 [2, 2]
2032 [2, 0, 1, 1]
2040 []
2106 [0, 2, 4, 3]
2129 []
2133 []
2145 []
2187 []
2193 []
2197 []
2215 []
2216 []
2226 [3, 3]
2243 []
2248 [1, 0, 0]
2305 []
2324 []
2354 [1, 0]
2357 [4]
2372 []
2373 []
2388 []
2423 [2]
2424 []
2467 []
2538 []
2573 []
2576 []
2608 [4]
2619 []
2626 []
2640 []
2651 [0]
2674 [0]
2720 []
2729 []
2739 []
2742 [4]
2784 [4]
2804 []
2805 [0]
2813 []
2818 []
2832 [1, 4, 4]
2834 []
2857 []
2861 []
2888 []
2906 []
2957 []
2959 []
2966 [0, 0, 1]
3006 []
3007 [0, 0]
3044 [2]
3088 []
3096 [0]
3097 [0, 0]
3099 []
3118 []
3123 []
3136 []
3145 [1]
3162 [0]
3164 []
3170 []
3185 []
3227 []
3280 [0]
3281 []
3302 []
3378 [0]
3382 [0]
3389 [4, 2, 2]
3392 []
3415 [1]
3427 [0]
3428 [1, 2, 4, 3, 0]
3433 []
3452 []
3478 []
3501 []
3603 [3, 1, 1]
3604 []
3609 [3]
3610 []
3613 []
3627 []
3663 []
3710 [0, 0]
3717 [0]
3723 [0, 0]
3724 []
3735 []
3736 []
3738 [0, 0]
3751 [0]
3752 []
3754 [2, 3, 3]
3759 [0]
3764 []
3767 []
3774 [0]
3778 []
3779 []
3784 []
3787 []
3802 []
3809 [0]
3820 []
3825 []
3830 [0, 0, 4]
3832 [1, 1]
3833 [1]
3839 []
3842 [2]
3845 []
3853 [1]
3857 [4, 1, 1]
3858 [1]
3860 [1]
3870 [1, 2]
3881 [0]
3889 []
3890 []
3893 []
3895 [1, 1, 0, 0]
3896 [0, 0]
3898 [0, 0, 0]
3924 []
3928 []
3932 [3]
3936 []
3954 [2, 1, 2]
3964 [2, 1, 1, 3]
3967 []
3974 [0, 1, 1, 3]
3994 []
4004 []
4006 []
4011 [0, 0]
4017 []
4018 []
4030 []
4037 [0, 0]
4038 []
4044 [0, 0]
4046 []
4049 []
4050 []
4053 []
4055 [0, 3, 1, 2, 4]
4058 []
4061 [4]
4063 [0]
4070 []
4079 []
4094 [3, 3]
4101 []
4102 []
4141 []
4144 []
4147 []
4149 [0, 0, 4]
4153 []
4154 []
4156 []
4157 []
4159 [0, 2, 1, 4]
4169 []
4172 []
4176 [0, 0]
4179 []
4197 []
4224 [0, 1]
4244 []
4260 []
4271 [2]
4280 []
4281 []
4283 []
4295 [0, 0]
4298 [0, 0]
4303 [3, 3, 1, 2]
4323 []
4327 []
4331 []
4338 []
4352 []
4374 [4, 1]
4398 []
4415 []
4436 []
4458 [3]
4463 []
4467 []
4469 [2]
4478 []
4483 []
4490 []
4497 []
4510 []
4512 []
4520 [3, 3, 3]
4521 [3, 3, 3]
4568 []
4571 [0]
4594 []
4599 []
4604 []
4606 []
4607 []
4611 []
4629 []
4646 [0, 1, 3]
4658 []
4668 []
4681 []
4706 [1]
4711 []
4725 []
4739 []
4747 []
4757 []
4759 []
4763 []
4765 []
4767 []
4769 []
4770 []
4773 []
4776 []
4795 []
4798 [1, 2]
4799 [0]
4811 []
4818 []
4883 []
4897 []
4905 []
4920 [1, 2, 0, 0, 4, 4, 4, 3]
4927 []
4931 []
4932 []
4944 [0, 4, 4]
4969 []
4970 []
4972 []
4985 []
4991 []
4992 []
4999 []
5001 [1]
5008 []
5009 [0, 0]
5013 []
5014 []
5015 [0]
5017 []
5023 []
5024 []
5056 []
5060 []
5062 []
5070 []
5072 []
5084 []
5087 []
5095 [0, 2]
5097 [0, 2]
5099 []
5100 []
5117 [0, 0, 4, 1, 3, 2]
5134 [0, 1, 3, 2]
5135 [0]
5139 [4]
5144 []
5154 []
5165 [2, 2, 4]
5171 []
5191 []
5194 []
5210 [1]
5211 []
5221 []
5222 []
5234 [4, 4, 1, 3, 0, 0]
5250 []
5279 []
5280 []
5288 []
5289 []
5296 [0]
5306 []
5310 [0]
5331 []
5349 [0, 0, 0]
5363 []
5364 [0, 0]
5377 [3, 4, 1]
5379 []
5409 []
5415 []
5444 []
5457 []
5474 []
5476 []
5486 [0]
5492 []
5500 [0]
5506 []
5510 []
5511 []
5518 [4, 0, 0]
5519 [0]
5520 []
5521 []
5534 [3]
5535 []
5537 []
5549 []
5564 [3, 2, 0, 0]
5588 []
5604 []
5614 [0]
5633 []
5634 []
5645 []
5651 []
5652 []
5653 []
5686 []
5689 [0]
5697 []
5727 []
5731 []
5737 []
5738 []
5744 [0]
5751 []
5761 []
5773 [1, 1, 0, 0]
5794 [0]
5889 []
5905 []

 ONE_HIT: 0.3076923076923077