5 []
15 []
17 [2, 6, 4, 4]
18 [0]
25 [8, 3]
35 []
60 [5, 1, 2, 4]
64 [9, 9]
67 [0]
89 []
103 [5, 5, 3, 8]
105 []
124 [1, 2, 2, 0, 5, 4, 6, 8, 7]
130 [5, 3, 7]
176 [0]
195 []
302 []
376 []
382 [9, 2]
414 []
437 [6]
443 [2, 2, 9]
448 []
483 []
488 []
511 []
571 []
689 []
702 []
713 [0, 0, 7]
786 [8]
843 []
847 []
912 []
916 []
935 [3, 1, 2, 5, 7, 6, 4, 8]
1002 [0]
1190 [1, 2, 3, 3, 6]
1225 []
1335 []
1352 [5]
1485 []
1551 []
1711 [2, 8, 8, 4, 0]
1733 []
1736 []
1922 [8]
1929 [0, 2, 8, 7]
1931 []
1949 [5]
1953 []
1954 []
1955 []
1956 []
1959 []
1960 []
1961 []
1982 []
1983 []
1991 []
1996 [8, 6, 1, 1]
2001 [1, 2, 2, 5]
2032 [6, 2, 0, 1, 1]
2106 [0, 2, 4, 5, 7, 9, 3, 6, 6]
2129 []
2133 []
2193 []
2197 []
2215 [7]
2226 [3, 3]
2243 []
2248 [1, 0, 0, 6, 6]
2305 []
2324 []
2354 [8, 1, 5, 5, 0, 7, 6]
2357 [6, 4]
2372 []
2373 []
2388 []
2423 [2, 8]
2424 []
2467 []
2573 []
2576 []
2608 [4]
2626 []
2651 [0]
2674 [0, 7]
2729 []
2739 []
2784 [4, 5]
2804 []
2805 [0]
2818 []
2832 [1, 4, 4]
2861 []
2888 []
2906 [6]
2959 []
2966 [0, 0, 1]
3044 [2]
3088 [5]
3118 []
3136 [6, 6]
3145 [1]
3162 [0]
3227 [5, 5, 7, 7]
3281 []
3382 [0, 8, 9]
3389 [4, 2, 2]
3392 []
3428 [1, 2, 6, 6, 4, 7, 3, 0, 9, 5]
3452 []
3478 []
3501 []
3603 [3, 1, 1]
3609 [3, 6, 6]
3710 [0, 0, 6, 6]
3717 [0]
3723 [0, 0, 6]
3735 []
3752 []
3754 [5, 5, 5, 2, 3, 3]
3759 [0]
3778 []
3779 []
3784 []
3802 []
3820 []
3825 []
3830 [0, 0, 4]
3839 [9, 9]
3845 [6]
3853 [1]
3857 [4, 7, 1, 1, 6, 9]
3858 [6, 6, 8, 8, 1]
3860 [7, 1]
3870 [1, 2, 5]
3881 [0]
3889 []
3890 []
3893 []
3895 [1, 1, 7, 7, 0, 0, 5]
3896 [0, 0, 7]
3898 [0, 0, 0]
3928 [5, 5]
3932 [6, 6, 5, 8, 3]
3936 [6]
3954 [8, 7, 2, 1, 2, 5, 5, 5]
3964 [2, 1, 1, 8, 7, 3]
3974 [0, 1, 1, 8, 3]
3994 []
4004 []
4011 [0, 0]
4030 []
4037 [0, 0, 7, 7, 7]
4049 []
4050 []
4055 [0, 3, 1, 2, 4, 5, 6, 7, 9, 8]
4079 []
4094 [3, 3]
4101 []
4102 []
4149 [0, 0, 8, 4]
4176 [0, 0]
4179 []
4244 [8]
4260 []
4271 [2]
4281 []
4283 []
4298 [0, 0, 6, 6, 6, 6, 5]
4303 [9, 8, 7, 3, 3, 1, 2, 5, 5]
4323 []
4327 []
4331 []
4398 []
4458 [9, 3]
4463 []
4490 []
4510 []
4520 [3, 3, 3]
4521 [3, 3, 3]
4568 []
4604 []
4606 []
4611 []
4646 [0, 1, 3, 8, 9, 5]
4706 [1]
4711 []
4739 []
4747 [9, 9]
4763 []
4798 [7, 1, 2, 8, 9]
4905 []
4920 [9, 8, 8, 8, 7, 1, 2, 0, 0, 4, 4, 4, 3, 6, 6]
4931 [7, 7]
4932 [9]
4972 []
4985 []
4991 [5]
4992 []
5001 [1]
5008 []
5009 [0, 0, 7]
5013 []
5015 [0, 7]
5017 []
5023 []
5060 []
5072 []
5087 []
5095 [7, 0, 2, 9]
5117 [0, 0, 5, 6, 4, 1, 3, 2, 8]
5134 [0, 9, 1, 3, 5, 2]
5135 [0, 5, 6]
5139 [4]
5165 [2, 2, 4, 5]
5191 []
5210 [5, 5, 1]
5221 []
5234 [4, 4, 7, 1, 8, 3, 5, 0, 0, 6]
5279 []
5289 []
5306 []
5310 [0]
5363 []
5377 [7, 3, 4, 1]
5379 []
5409 []
5444 []
5474 []
5486 [0]
5506 []
5511 []
5518 [4, 0, 0, 6, 8]
5519 [0]
5520 []
5534 [3]
5535 []
5537 []
5588 []
5634 []
5645 []
5651 []
5686 []
5737 []
5744 [0]
5751 []
5773 [1, 1, 0, 0]
5794 [5, 0, 6, 7, 7, 9, 9, 9, 9]
5889 [5, 5]

 ONE_HIT: 0.4642857142857143