5 []
15 []
17 [2]
35 []
60 [1, 2]
64 []
89 []
103 []
105 []
124 [1, 2, 2, 0]
130 []
376 []
382 [2]
414 []
437 []
443 [2, 2]
571 []
689 []
702 []
791 [0]
912 []
916 []
935 [1, 2]
1002 [0]
1190 [1, 2]
1331 [0]
1352 []
1485 []
1711 [2, 0]
1929 [0, 2]
1931 []
1949 []
1953 []
1954 []
1955 []
1956 []
1959 []
1960 []
1961 []
1982 []
1983 []
1991 []
2001 [1, 2, 2]
2032 [2, 0, 1, 1]
2106 [0, 2]
2193 []
2215 []
2226 []
2248 [1, 0, 0]
2338 []
2354 [1, 0]
2372 []
2423 [2]
2467 []
2608 []
2626 []
2651 [0]
2674 [0]
2784 []
2832 [1]
2851 [0]
2857 []
2861 []
2883 [1, 2]
2897 [1, 1, 1, 2]
2912 [0, 0, 0]
2916 [0]
2921 [0]
2966 [0, 0, 1]
3044 [2]
3088 []
3118 []
3136 []
3180 []
3227 []
3263 []
3281 []
3382 [0]
3389 [2, 2]
3428 [1, 2, 0]
3452 []
3603 [1, 1]
3710 [0, 0]
3717 [0]
3723 [0, 0]
3735 []
3751 [0]
3752 []
3754 [2]
3759 [0]
3779 []
3784 []
3801 [0]
3837 []
3857 [1, 1]
3858 [1]
3870 [1, 2]
3889 []
3890 []
3895 [1, 1, 0, 0]
3896 [0, 0]
3898 [0, 0, 0]
3928 []
3932 []
3954 [2, 1, 2]
3964 [2, 1, 1]
3974 [0, 1, 1]
4037 [0, 0]
4044 [0, 0]
4050 []
4055 [0, 1, 2]
4094 []
4127 [0]
4159 [0, 2, 1]
4176 [0, 0]
4224 [0, 1]
4244 []
4255 [0, 0]
4260 []
4281 []
4283 []
4298 [0, 0]
4299 [0, 1, 2]
4303 [1, 2]
4327 []
4331 []
4372 [2, 2]
4374 [1]
4375 []
4378 [2, 0, 0]
4380 [2]
4472 [2]
4475 []
4490 []
4524 []
4568 []
4570 []
4571 [0]
4604 []
4606 []
4607 []
4646 [0, 1]
4747 []
4791 []
4798 [1, 2]
4897 []
4920 [1, 2, 0, 0]
4927 []
4931 []
4932 []
4944 [0]
4972 []
4991 []
4992 []
5008 []
5015 [0]
5087 []
5095 [0, 2]
5097 [0, 2]
5117 [0, 0, 1, 2]
5134 [0, 1, 2]
5135 [0]
5139 []
5210 [1]
5234 [1, 0, 0]
5279 []
5289 []
5363 []
5377 [1]
5409 []
5413 [1, 0]
5486 [0]
5506 []
5509 []
5511 []
5518 [0, 0]
5525 [0, 0, 2, 1]
5534 []
5547 []
5555 []
5564 [2, 0, 0]
5642 []
5651 []
5689 [0]
5709 []
5724 [0, 0, 0, 0]
5771 [0]
5782 [0]
5794 [0]

 ONE_HIT: 0.4708994708994709