5 []
15 []
17 [2, 4]
18 []
25 [3]
35 []
60 [1, 2, 4]
64 []
89 []
103 [3]
105 []
124 [1, 2, 0, 4]
130 [3]
176 [0]
302 []
376 []
382 [2]
414 []
437 []
443 [2]
488 []
571 []
689 []
702 []
713 [0]
749 []
762 [0]
786 []
791 [0]
847 []
912 []
916 []
935 [3, 1, 2, 4]
1002 [0]
1190 [1, 2, 3]
1331 [0]
1335 []
1352 []
1485 []
1551 []
1711 [2, 4, 0]
1733 []
1752 [0]
1922 []
1929 [0, 2]
1931 []
1949 []
1953 []
1954 []
1955 []
1956 []
1959 []
1960 []
1961 []
1982 []
1983 []
1991 []
1996 [1]
2001 [1, 2]
2032 [2, 0, 1]
2106 [0, 2, 4, 3]
2133 []
2178 [0, 3]
2193 []
2197 []
2215 []
2226 [3]
2248 [1, 0]
2338 []
2354 [1, 0]
2357 [4]
2372 []
2423 [2]
2467 []
2573 []
2576 []
2608 [4]
2626 []
2651 [0]
2674 [0]
2720 []
2729 []
2784 [4]
2804 []
2805 [0]
2832 [1, 4]
2851 [0]
2857 []
2861 []
2883 [3, 1, 2, 4]
2897 [1, 2, 4, 3]
2904 []
2912 [0]
2916 [0]
2921 [0]
2959 []
2966 [0, 1]
3044 [2]
3088 []
3118 []
3134 []
3136 []
3145 [1]
3162 [0]
3180 [3]
3227 []
3263 []
3281 []
3382 [0]
3389 [4, 2]
3428 [1, 2, 4, 3, 0]
3452 []
3478 []
3603 [3, 1]
3609 [3]
3710 [0]
3717 [0]
3723 [0]
3735 []
3751 [0]
3752 []
3754 [2, 3]
3759 [0]
3774 [0]
3779 []
3784 []
3801 [0]
3802 []
3820 []
3825 []
3830 [0, 4]
3835 []
3837 []
3839 []
3845 []
3853 [1]
3857 [4, 1]
3858 [1]
3860 [1]
3870 [1, 2]
3888 []
3889 []
3890 []
3893 []
3895 [1, 0]
3896 [0]
3898 [0]
3928 []
3932 [3]
3936 []
3954 [1, 2]
3964 [2, 1]
3974 [0, 1, 3]
4004 []
4011 [0]
4030 []
4037 [0]
4038 []
4044 [0]
4049 []
4050 []
4055 [0, 3, 1, 2, 4]
4061 [4]
4063 [0]
4079 []
4094 [3]
4102 []
4127 [0]
4149 [0, 4]
4159 [0, 2, 1, 4]
4176 [0]
4224 [0, 1]
4244 []
4255 [0]
4260 []
4271 [2]
4281 []
4283 []
4298 [0]
4299 [4, 0, 1, 2, 3]
4303 [3, 1, 2]
4327 []
4331 []
4338 []
4372 [2]
4374 [4, 1]
4375 []
4378 [2, 0]
4379 []
4380 [2]
4458 []
4463 []
4469 [2]
4472 [2]
4475 []
4490 []
4520 [3]
4524 []
4552 []
4568 []
4570 []
4571 [0]
4604 []
4606 []
4607 []
4646 [0, 1, 3]
4706 [1]
4711 []
4747 []
4763 []
4791 []
4798 [1, 2]
4896 []
4897 []
4920 [1, 2, 0, 4, 3]
4927 []
4931 []
4932 []
4944 [0, 4]
4972 []
4985 []
4991 []
4992 []
5008 []
5009 [0]
5014 []
5015 [0]
5017 []
5023 []
5087 []
5095 [0, 2]
5097 [0, 2]
5117 [0, 4, 1, 3, 2]
5134 [0, 1, 3, 2]
5135 [0]
5139 [4]
5144 []
5191 []
5194 []
5210 [1]
5221 []
5234 [4, 3, 0]
5252 []
5279 []
5289 []
5306 []
5310 [0]
5363 []
5377 [3, 4, 1]
5409 []
5413 [3, 1, 0]
5444 []
5474 []
5486 [0]
5500 [0]
5506 []
5508 []
5509 []
5511 []
5518 [4, 0]
5525 [0, 2, 1]
5534 [3]
5547 []
5555 []
5556 []
5564 [3, 2, 0]
5565 [2, 0]
5588 []
5597 []
5604 []
5634 []
5642 []
5643 []
5646 []
5647 []
5651 []
5653 []
5655 []
5660 [0]
5686 []
5689 [0]
5709 []
5717 [3]
5724 [0]
5728 []
5731 []
5737 []
5744 [0]
5751 []
5762 []
5771 [0]
5773 [1, 0]
5782 [0]
5794 [0]
5842 [0]
5863 [0, 2]
5889 []
5893 []
5898 []

 ONE_HIT: 0.44481605351170567