5 []
9 []
15 []
17 [2]
18 []
25 []
35 []
54 []
60 [1, 2]
62 []
64 []
67 [0]
89 []
103 []
105 []
124 [1, 2, 0]
130 []
176 [0]
195 []
206 []
254 []
302 []
376 []
377 []
382 [2]
414 []
436 []
437 []
443 [2]
448 []
483 []
488 []
511 []
562 []
571 []
595 []
604 []
605 []
623 []
651 []
655 []
657 [0]
676 []
686 []
689 []
690 []
695 [0]
702 []
713 [0]
743 []
749 []
762 [0]
783 []
786 []
791 [0]
799 []
843 []
847 []
912 []
916 []
918 [0]
919 []
935 [1, 2]
1002 [0]
1134 []
1190 [1, 2]
1225 []
1230 []
1284 []
1307 []
1317 []
1331 [0]
1335 []
1352 []
1392 [0]
1485 []
1551 []
1569 []
1659 []
1681 []
1698 [0]
1711 [2, 0]
1725 []
1733 []
1736 []
1752 [0]
1822 [0]
1826 []
1913 []
1922 []
1929 [0, 2]
1931 []
1949 []
1953 []
1954 []
1955 []
1956 []
1959 []
1960 []
1961 []
1963 [2]
1981 []
1982 []
1983 []
1991 []
1995 []
1996 [1]
2001 [1, 2]
2004 [2]
2032 [2, 0, 1]
2040 []
2106 [0, 2]
2129 []
2133 []
2145 []
2165 []
2178 [0]
2187 []
2189 []
2193 []
2197 []
2215 []
2216 []
2226 []
2243 []
2248 [1, 0]
2305 []
2317 []
2324 []
2338 []
2354 [1, 0]
2357 []
2372 []
2373 []
2388 []
2414 []
2423 [2]
2424 []
2467 []
2523 []
2538 []
2573 []
2576 []
2608 []
2619 []
2626 []
2639 []
2640 []
2647 []
2651 [0]
2674 [0]
2720 []
2729 []
2739 []
2742 []
2765 []
2784 []
2804 []
2805 [0]
2813 []
2818 []
2832 [1]
2834 []
2851 [0]
2857 []
2861 []
2883 [1, 2]
2888 []
2897 [1, 2]
2900 []
2904 []
2906 []
2910 [0]
2912 [0]
2916 [0]
2921 [0]
2922 [0]
2957 []
2959 []
2966 [0, 1]
2972 [0]
3006 []
3007 [0]
3044 [2]
3088 []
3090 []
3096 [0]
3097 [0]
3099 []
3118 []
3123 []
3134 []
3136 []
3145 [1]
3162 [0]
3164 []
3170 []
3176 []
3180 []
3185 []
3205 []
3213 []
3227 []
3263 []
3280 [0]
3281 []
3302 []
3378 [0]
3382 [0]
3389 [2]
3392 []
3415 [1]
3427 [0]
3428 [1, 2, 0]
3433 []
3452 []
3478 []
3501 []
3520 [0]
3603 [1]
3604 []
3609 []
3610 []
3613 []
3627 []
3663 []
3710 [0]
3717 [0]
3723 [0]
3724 []
3735 []
3736 []
3738 [0]
3751 [0]
3752 []
3754 [2]
3759 [0]
3764 []
3767 []
3774 [0]
3778 []
3779 []
3784 []
3787 []
3801 [0]
3802 []
3809 [0]
3820 []
3825 []
3830 [0]
3832 [1]
3833 [1]
3835 []
3837 []
3839 []
3842 [2]
3845 []
3853 [1]
3857 [1]
3858 [1]
3860 [1]
3870 [1, 2]
3881 [0]
3888 []
3889 []
3890 []
3893 []
3895 [1, 0]
3896 [0]
3898 [0]
3911 []
3924 []
3928 []
3932 []
3936 []
3954 [1, 2]
3964 [2, 1]
3967 []
3974 [0, 1]
3994 []
4004 []
4006 []
4011 [0]
4017 []
4018 []
4030 []
4037 [0]
4038 []
4044 [0]
4046 []
4049 []
4050 []
4053 []
4055 [0, 1, 2]
4058 []
4059 []
4061 []
4063 [0]
4070 []
4079 []
4094 []
4101 []
4102 []
4127 [0]
4129 []
4139 []
4141 []
4143 []
4144 []
4147 []
4149 [0]
4153 []
4154 []
4156 []
4157 []
4159 [0, 2, 1]
4169 []
4172 []
4176 [0]
4179 []
4197 []
4224 [0, 1]
4244 []
4246 []
4255 [0]
4260 []
4271 [2]
4280 []
4281 []
4283 []
4295 [0]
4298 [0]
4299 [0, 1, 2]
4303 [1, 2]
4323 []
4324 []
4327 []
4331 []
4334 []
4338 []
4352 []
4363 []
4372 [2]
4374 [1]
4375 []
4378 [2, 0]
4379 []
4380 [2]
4386 []
4398 []
4400 []
4415 []
4434 []
4436 []
4451 []
4458 []
4463 []
4467 []
4469 [2]
4472 [2]
4475 []
4478 []
4483 []
4490 []
4497 []
4510 []
4512 []
4520 []
4521 []
4524 []
4552 []
4568 []
4570 []
4571 [0]
4575 []
4588 []
4589 []
4594 []
4598 [1]
4599 []
4604 []
4605 []
4606 []
4607 []
4611 []
4627 [0]
4629 []
4640 []
4646 [0, 1]
4658 []
4659 []
4668 []
4671 []
4681 []
4702 []
4706 [1]
4711 []
4725 []
4739 []
4747 []
4757 []
4759 []
4760 [0]
4763 []
4765 []
4767 []
4769 []
4770 []
4773 []
4776 []
4791 []
4794 []
4795 []
4798 [1, 2]
4799 [0]
4811 []
4818 []
4828 [0, 1]
4833 []
4883 []
4896 []
4897 []
4905 []
4918 []
4920 [1, 2, 0]
4927 []
4931 []
4932 []
4933 []
4944 [0]
4969 []
4970 []
4972 []
4973 [2]
4979 []
4985 []
4991 []
4992 []
4999 []
5001 [1]
5008 []
5009 [0]
5013 []
5014 []
5015 [0]
5017 []
5023 []
5024 []
5038 []
5040 []
5056 []
5060 []
5062 []
5070 []
5072 []
5084 []
5087 []
5095 [0, 2]
5097 [0, 2]
5099 []
5100 []
5110 []
5117 [0, 1, 2]
5118 []
5121 []
5134 [0, 1, 2]
5135 [0]
5139 []
5144 []
5154 []
5165 [2]
5168 []
5170 []
5171 []
5182 []
5191 []
5194 []
5210 [1]
5211 []
5221 []
5222 []
5232 []
5234 [0]
5250 []
5252 []
5279 []
5280 []
5288 []
5289 []
5293 []
5296 [0]
5306 []
5310 [0]
5331 []
5346 [1]
5349 [0]
5363 []
5364 [0]
5377 [1]
5379 []
5400 []
5406 []
5409 []
5413 [1, 0]
5415 []
5434 [0]
5444 []
5447 [1]
5457 []
5474 []
5476 []
5486 [0]
5492 []
5500 [0]
5506 []
5508 []
5509 []
5510 []
5511 []
5518 [0]
5519 [0]
5520 []
5521 []
5524 []
5525 [0, 2, 1]
5534 []
5535 []
5537 []
5547 []
5549 []
5553 []
5555 []
5556 []
5561 []
5564 [2, 0]
5565 [2, 0]
5588 []
5594 []
5597 []
5600 []
5601 [0]
5603 []
5604 []
5614 [0]
5629 []
5631 []
5633 []
5634 []
5642 []
5643 []
5645 []
5646 []
5647 []
5650 []
5651 []
5652 []
5653 []
5655 []
5660 [0]
5670 []
5686 []
5689 [0]
5697 []
5706 []
5709 []
5717 []
5718 []
5724 [0]
5727 []
5728 []
5730 []
5731 []
5737 []
5738 []
5740 []
5741 []
5744 [0]
5751 []
5760 []
5761 []
5762 []
5767 []
5771 [0]
5773 [1, 0]
5774 []
5777 []
5782 [0]
5786 []
5791 [0]
5794 [0]
5796 []
5841 []
5842 [0]
5863 [0, 2]
5889 []
5891 [0, 1]
5893 []
5898 []
5903 []
5905 []

 ONE_HIT: 0.27166666666666667