5 []
15 []
17 [2, 6, 4, 4]
35 []
60 [5, 1, 2, 4]
64 [9, 9]
89 []
103 [5, 5, 3, 8]
105 []
124 [1, 2, 2, 0, 5, 4, 6, 8, 7]
130 [5, 3, 7]
376 []
382 [9, 2]
414 []
437 [6]
443 [2, 2, 9]
571 []
689 []
702 []
912 []
916 []
935 [3, 1, 2, 5, 7, 6, 4, 8]
1002 [0]
1190 [1, 2, 3, 3, 6]
1352 [5]
1485 []
1711 [2, 8, 8, 4, 0]
1929 [0, 2, 8, 7]
1931 []
1949 [5]
1953 []
1954 []
1955 []
1956 []
1959 []
1960 []
1961 []
1982 []
1983 []
1991 []
2001 [1, 2, 2, 5]
2032 [6, 2, 0, 1, 1]
2106 [0, 2, 4, 5, 7, 9, 3, 6, 6]
2193 []
2215 [7]
2226 [3, 3]
2248 [1, 0, 0, 6, 6]
2354 [8, 1, 5, 5, 0, 7, 6]
2372 []
2423 [2, 8]
2467 []
2608 [4]
2626 []
2651 [0]
2674 [0, 7]
2784 [4, 5]
2832 [1, 4, 4]
2861 []
2966 [0, 0, 1]
3044 [2]
3088 [5]
3118 []
3136 [6, 6]
3227 [5, 5, 7, 7]
3281 []
3382 [0, 8, 9]
3389 [4, 2, 2]
3428 [1, 2, 6, 6, 4, 7, 3, 0, 9, 5]
3452 []
3603 [3, 1, 1]
3710 [0, 0, 6, 6]
3717 [0]
3723 [0, 0, 6]
3735 []
3752 []
3754 [5, 5, 5, 2, 3, 3]
3759 [0]
3779 []
3784 []
3857 [4, 7, 1, 1, 6, 9]
3858 [6, 6, 8, 8, 1]
3870 [1, 2, 5]
3889 []
3890 []
3895 [1, 1, 7, 7, 0, 0, 5]
3896 [0, 0, 7]
3898 [0, 0, 0]
3928 [5, 5]
3932 [6, 6, 5, 8, 3]
3954 [8, 7, 2, 1, 2, 5, 5, 5]
3964 [2, 1, 1, 8, 7, 3]
3974 [0, 1, 1, 8, 3]
4037 [0, 0, 7, 7, 7]
4050 []
4055 [0, 3, 1, 2, 4, 5, 6, 7, 9, 8]
4094 [3, 3]
4176 [0, 0]
4244 [8]
4260 []
4281 []
4283 []
4298 [0, 0, 6, 6, 6, 6, 5]
4303 [9, 8, 7, 3, 3, 1, 2, 5, 5]
4327 []
4331 []
4490 []
4568 []
4604 []
4606 []
4646 [0, 1, 3, 8, 9, 5]
4747 [9, 9]
4798 [7, 1, 2, 8, 9]
4920 [9, 8, 8, 8, 7, 1, 2, 0, 0, 4, 4, 4, 3, 6, 6]
4931 [7, 7]
4932 [9]
4972 []
4991 [5]
4992 []
5008 []
5015 [0, 7]
5087 []
5095 [7, 0, 2, 9]
5117 [0, 0, 5, 6, 4, 1, 3, 2, 8]
5134 [0, 9, 1, 3, 5, 2]
5135 [0, 5, 6]
5139 [4]
5210 [5, 5, 1]
5234 [4, 4, 7, 1, 8, 3, 5, 0, 0, 6]
5279 []
5289 []
5363 []
5377 [7, 3, 4, 1]
5409 []
5486 [0]
5506 []
5511 []
5518 [4, 0, 0, 6, 8]
5534 [3]
5651 []
5794 [5, 0, 6, 7, 7, 9, 9, 9, 9]

 ONE_HIT: 0.5785714285714286