5 []
15 []
17 [2]
18 []
25 []
35 []
60 [1, 2]
64 []
89 []
103 []
105 []
124 [1, 2, 0]
130 []
176 [0]
302 []
376 []
382 [2]
414 []
437 []
443 [2]
488 []
571 []
689 []
702 []
713 [0]
786 []
847 []
912 []
916 []
935 [1, 2]
1002 [0]
1190 [1, 2]
1335 []
1352 []
1485 []
1551 []
1711 [2, 0]
1733 []
1922 []
1929 [0, 2]
1931 []
1949 []
1953 []
1954 []
1955 []
1956 []
1959 []
1960 []
1961 []
1982 []
1983 []
1991 []
1996 [1]
2001 [1, 2]
2032 [2, 0, 1]
2106 [0, 2]
2133 []
2193 []
2197 []
2215 []
2226 []
2248 [1, 0]
2354 [1, 0]
2357 []
2372 []
2423 [2]
2467 []
2573 []
2576 []
2608 []
2626 []
2651 [0]
2674 [0]
2729 []
2784 []
2804 []
2805 [0]
2832 [1]
2861 []
2959 []
2966 [0, 1]
3044 [2]
3088 []
3118 []
3136 []
3145 [1]
3162 [0]
3227 []
3281 []
3382 [0]
3389 [2]
3428 [1, 2, 0]
3452 []
3478 []
3603 [1]
3609 []
3710 [0]
3717 [0]
3723 [0]
3735 []
3752 []
3754 [2]
3759 [0]
3779 []
3784 []
3802 []
3820 []
3825 []
3830 [0]
3839 []
3845 []
3853 [1]
3857 [1]
3858 [1]
3860 [1]
3870 [1, 2]
3889 []
3890 []
3893 []
3895 [1, 0]
3896 [0]
3898 [0]
3928 []
3932 []
3936 []
3954 [1, 2]
3964 [2, 1]
3974 [0, 1]
4004 []
4011 [0]
4030 []
4037 [0]
4049 []
4050 []
4055 [0, 1, 2]
4079 []
4094 []
4102 []
4149 [0]
4176 [0]
4244 []
4260 []
4271 [2]
4281 []
4283 []
4298 [0]
4303 [1, 2]
4327 []
4331 []
4458 []
4463 []
4490 []
4520 []
4568 []
4604 []
4606 []
4646 [0, 1]
4706 [1]
4711 []
4747 []
4763 []
4798 [1, 2]
4920 [1, 2, 0]
4931 []
4932 []
4972 []
4985 []
4991 []
4992 []
5008 []
5009 [0]
5015 [0]
5017 []
5023 []
5087 []
5095 [0, 2]
5117 [0, 1, 2]
5134 [0, 1, 2]
5135 [0]
5139 []
5191 []
5210 [1]
5221 []
5234 [0]
5279 []
5289 []
5306 []
5310 [0]
5363 []
5377 [1]
5409 []
5444 []
5474 []
5486 [0]
5506 []
5511 []
5518 [0]
5534 []
5588 []
5634 []
5651 []
5686 []
5737 []
5744 [0]
5751 []
5773 [1, 0]
5794 [0]
5889 []

 ONE_HIT: 0.3605769230769231