5 []
9 [5]
15 []
17 [2, 6, 4, 4]
18 [0]
25 [8, 3]
35 []
54 []
60 [5, 1, 2, 4]
62 []
64 [9, 9]
67 [0]
89 []
103 [5, 5, 3, 8]
105 []
124 [1, 2, 2, 0, 5, 4, 6, 8, 7]
130 [5, 3, 7]
176 [0]
195 []
206 []
254 [6]
302 []
376 []
382 [9, 2]
414 []
437 [6]
443 [2, 2, 9]
448 []
483 []
488 []
511 []
562 []
571 []
686 []
689 []
695 [0]
702 []
713 [0, 0, 7]
847 []
912 []
916 []
935 [3, 1, 2, 5, 7, 6, 4, 8]
1002 [0]
1190 [1, 2, 3, 3, 6]
1225 []
1230 []
1307 []
1317 []
1335 []
1352 [5]
1485 []
1551 []
1659 []
1681 []
1711 [2, 8, 8, 4, 0]
1826 []
1922 [8]
1929 [0, 2, 8, 7]
1931 []
1949 [5]
1953 []
1954 []
1955 []
1956 []
1959 []
1960 []
1961 []
1963 [2]
1981 []
1982 []
1983 []
1991 []
1995 []
1996 [8, 6, 1, 1]
2001 [1, 2, 2, 5]
2004 [2, 2]
2032 [6, 2, 0, 1, 1]
2040 []
2106 [0, 2, 4, 5, 7, 9, 3, 6, 6]
2129 []
2133 []
2187 []
2193 []
2197 []
2226 [3, 3]
2243 []
2248 [1, 0, 0, 6, 6]
2305 []
2324 []
2354 [8, 1, 5, 5, 0, 7, 6]
2372 []
2373 []
2388 []
2423 [2, 8]
2467 []
2573 []
2576 []
2608 [4]
2626 []
2640 []
2651 [0]
2729 []
2739 []
2742 [4]
2784 [4, 5]
2804 []
2813 []
2861 []
2888 []
2906 [6]
2957 []
2959 []
2966 [0, 0, 1]
3044 [2]
3088 [5]
3097 [0, 0]
3118 []
3136 [6, 6]
3145 [1]
3164 []
3170 []
3227 [5, 5, 7, 7]
3281 []
3378 [0]
3382 [0, 8, 9]
3389 [4, 2, 2]
3392 []
3415 [1]
3427 [0]
3428 [1, 2, 6, 6, 4, 7, 3, 0, 9, 5]
3478 []
3501 []
3603 [3, 1, 1]
3609 [3, 6, 6]
3613 []
3663 []
3723 [0, 0, 6]
3724 []
3735 []
3752 []
3759 [0]
3778 []
3779 []
3784 []
3787 []
3825 []
3830 [0, 0, 4]
3842 [2]
3845 [6]
3853 [1]
3857 [4, 7, 1, 1, 6, 9]
3858 [6, 6, 8, 8, 1]
3870 [1, 2, 5]
3889 []
3890 []
3893 []
3895 [1, 1, 7, 7, 0, 0, 5]
3896 [0, 0, 7]
3898 [0, 0, 0]
3928 [5, 5]
3932 [6, 6, 5, 8, 3]
3936 [6]
3974 [0, 1, 1, 8, 3]
3994 []
4011 [0, 0]
4017 []
4030 []
4050 []
4055 [0, 3, 1, 2, 4, 5, 6, 7, 9, 8]
4070 []
4101 []
4102 []
4141 []
4144 []
4147 []
4149 [0, 0, 8, 4]
4156 []
4157 []
4169 []
4172 []
4176 [0, 0]
4179 []
4244 [8]
4271 [2]
4280 []
4281 []
4283 []
4298 [0, 0, 6, 6, 6, 6, 5]
4303 [9, 8, 7, 3, 3, 1, 2, 5, 5]
4323 []
4327 []
4331 []
4398 []
4458 [9, 3]
4463 []
4490 []
4497 []
4599 []
4604 []
4606 []
4611 []
4646 [0, 1, 3, 8, 9, 5]
4706 [1]
4711 []
4739 []
4747 [9, 9]
4757 []
4763 []
4799 [0]
4883 []
4920 [9, 8, 8, 8, 7, 1, 2, 0, 0, 4, 4, 4, 3, 6, 6]
4932 [9]
4972 []
4985 []
4992 []
5001 [1]
5008 []
5023 []
5056 []
5060 []
5062 []
5070 []
5072 []
5084 []
5087 []
5095 [7, 0, 2, 9]
5099 []
5100 []
5117 [0, 0, 5, 6, 4, 1, 3, 2, 8]
5134 [0, 9, 1, 3, 5, 2]
5135 [0, 5, 6]
5154 [5]
5210 [5, 5, 1]
5221 []
5222 []
5250 []
5279 []
5280 []
5289 []
5306 []
5310 [0]
5331 []
5363 []
5377 [7, 3, 4, 1]
5379 []
5409 []
5474 []
5476 []
5486 [0]
5506 []
5511 []
5518 [4, 0, 0, 6, 8]
5519 [0]
5520 []
5534 [3]
5537 []
5549 []
5614 [6, 6, 0]
5634 []
5686 []
5744 [0]
5794 [5, 0, 6, 7, 7, 9, 9, 9, 9]

 ONE_HIT: 0.3893129770992366