5 []
15 []
17 [2, 6, 4, 4]
18 [0]
25 [8, 3]
35 []
60 [5, 1, 2, 4]
64 [9, 9]
89 []
103 [5, 5, 3, 8]
105 []
124 [1, 2, 2, 0, 5, 4, 6, 8, 7]
130 [5, 3, 7]
176 [0]
302 []
376 []
382 [9, 2]
414 []
437 [6]
443 [2, 2, 9]
488 []
571 []
689 []
702 []
713 [0, 0, 7]
749 []
762 [0, 7]
786 [8]
791 [6, 0, 7]
847 []
912 []
916 []
935 [3, 1, 2, 5, 7, 6, 4, 8]
1002 [0]
1190 [1, 2, 3, 3, 6]
1331 [0, 7, 9]
1335 []
1352 [5]
1485 []
1551 []
1711 [2, 8, 8, 4, 0]
1733 []
1752 [0, 7]
1922 [8]
1929 [0, 2, 8, 7]
1931 []
1949 [5]
1953 []
1954 []
1955 []
1956 []
1959 []
1960 []
1961 []
1982 []
1983 []
1991 []
1996 [8, 6, 1, 1]
2001 [1, 2, 2, 5]
2032 [6, 2, 0, 1, 1]
2106 [0, 2, 4, 5, 7, 9, 3, 6, 6]
2133 []
2178 [0, 7, 7, 3, 3]
2193 []
2197 []
2215 [7]
2226 [3, 3]
2248 [1, 0, 0, 6, 6]
2338 []
2354 [8, 1, 5, 5, 0, 7, 6]
2357 [6, 4]
2372 []
2423 [2, 8]
2467 []
2573 []
2576 []
2608 [4]
2626 []
2651 [0]
2674 [0, 7]
2720 []
2729 []
2784 [4, 5]
2804 []
2805 [0]
2832 [1, 4, 4]
2851 [0]
2857 []
2861 []
2883 [3, 3, 9, 1, 2, 4, 7]
2897 [1, 1, 1, 2, 4, 9, 3]
2904 []
2912 [0, 0, 0]
2916 [0]
2921 [0]
2959 []
2966 [0, 0, 1]
3044 [2]
3088 [5]
3118 []
3134 []
3136 [6, 6]
3145 [1]
3162 [0]
3180 [3, 3, 3, 8]
3227 [5, 5, 7, 7]
3263 [6, 8, 8, 8]
3281 []
3382 [0, 8, 9]
3389 [4, 2, 2]
3428 [1, 2, 6, 6, 4, 7, 3, 0, 9, 5]
3452 []
3478 []
3603 [3, 1, 1]
3609 [3, 6, 6]
3710 [0, 0, 6, 6]
3717 [0]
3723 [0, 0, 6]
3735 []
3751 [0, 7, 7, 9, 9]
3752 []
3754 [5, 5, 5, 2, 3, 3]
3759 [0]
3774 [0]
3779 []
3784 []
3801 [0]
3802 []
3820 []
3825 []
3830 [0, 0, 4]
3835 []
3837 []
3839 [9, 9]
3845 [6]
3853 [1]
3857 [4, 7, 1, 1, 6, 9]
3858 [6, 6, 8, 8, 1]
3860 [7, 1]
3870 [1, 2, 5]
3888 []
3889 []
3890 []
3893 []
3895 [1, 1, 7, 7, 0, 0, 5]
3896 [0, 0, 7]
3898 [0, 0, 0]
3928 [5, 5]
3932 [6, 6, 5, 8, 3]
3936 [6]
3954 [8, 7, 2, 1, 2, 5, 5, 5]
3964 [2, 1, 1, 8, 7, 3]
3974 [0, 1, 1, 8, 3]
4004 []
4011 [0, 0]
4030 []
4037 [0, 0, 7, 7, 7]
4038 []
4044 [0, 0, 7]
4049 []
4050 []
4055 [0, 3, 1, 2, 4, 5, 6, 7, 9, 8]
4061 [6, 6, 4]
4063 [0, 7]
4079 []
4094 [3, 3]
4102 []
4127 [0, 7]
4149 [0, 0, 8, 4]
4159 [0, 6, 9, 9, 2, 1, 8, 4, 7, 7]
4176 [0, 0]
4224 [0, 1]
4244 [8]
4255 [0, 0, 7]
4260 []
4271 [2]
4281 []
4283 []
4298 [0, 0, 6, 6, 6, 6, 5]
4299 [4, 4, 4, 0, 5, 1, 6, 2, 8, 3, 3, 9]
4303 [9, 8, 7, 3, 3, 1, 2, 5, 5]
4327 []
4331 []
4338 []
4372 [6, 6, 2, 2]
4374 [4, 9, 7, 6, 5, 1, 9]
4375 [5, 8, 9, 9, 6, 6]
4378 [6, 6, 9, 2, 8, 0, 0, 7]
4379 [6]
4380 [6, 9, 2, 8]
4458 [9, 3]
4463 []
4469 [2]
4472 [2]
4475 []
4490 []
4520 [3, 3, 3]
4524 [6, 8]
4552 []
4568 []
4570 []
4571 [0, 9]
4604 []
4606 []
4607 []
4646 [0, 1, 3, 8, 9, 5]
4706 [1]
4711 []
4747 [9, 9]
4763 []
4791 []
4798 [7, 1, 2, 8, 9]
4896 []
4897 []
4920 [9, 8, 8, 8, 7, 1, 2, 0, 0, 4, 4, 4, 3, 6, 6]
4927 []
4931 [7, 7]
4932 [9]
4944 [0, 9, 9, 6, 4, 4]
4972 []
4985 []
4991 [5]
4992 []
5008 []
5009 [0, 0, 7]
5014 []
5015 [0, 7]
5017 []
5023 []
5087 []
5095 [7, 0, 2, 9]
5097 [7, 0, 7, 2, 9]
5117 [0, 0, 5, 6, 4, 1, 3, 2, 8]
5134 [0, 9, 1, 3, 5, 2]
5135 [0, 5, 6]
5139 [4]
5144 []
5191 []
5194 []
5210 [5, 5, 1]
5221 []
5234 [4, 4, 7, 1, 8, 3, 5, 0, 0, 6]
5252 []
5279 []
5289 []
5306 []
5310 [0]
5363 []
5377 [7, 3, 4, 1]
5409 []
5413 [3, 3, 3, 1, 0]
5444 []
5474 []
5486 [0]
5500 [0]
5506 []
5508 []
5509 []
5511 []
5518 [4, 0, 0, 6, 8]
5525 [0, 0, 8, 2, 1]
5534 [3]
5547 [7]
5555 [9]
5556 []
5564 [3, 7, 2, 0, 0, 9, 8]
5565 [7, 2, 2, 0]
5588 []
5597 []
5604 []
5634 []
5642 [9, 9, 9]
5643 []
5646 []
5647 []
5651 []
5653 []
5655 [9, 9]
5660 [7, 7, 0]
5686 []
5689 [0, 7, 7]
5709 []
5717 [3]
5724 [0, 0, 0, 0]
5728 []
5731 []
5737 []
5744 [0]
5751 []
5762 []
5771 [0]
5773 [1, 1, 0, 0]
5782 [0, 9]
5794 [5, 0, 6, 7, 7, 9, 9, 9, 9]
5842 [0, 0]
5863 [0, 2]
5889 [5, 5]
5893 []
5898 []

 ONE_HIT: 0.5451505016722408