5 []
15 []
17 [2]
18 []
25 []
35 []
60 [1, 2]
64 []
89 []
103 []
105 []
124 [1, 2, 0]
130 []
176 [0]
302 []
382 [2]
414 []
437 []
443 [2]
488 []
571 []
689 []
702 []
847 []
912 []
935 [1, 2]
1002 [0]
1190 [1, 2]
1335 []
1352 []
1485 []
1551 []
1711 [2, 0]
1922 []
1931 []
1949 []
1953 []
1954 []
1955 []
1956 []
1959 []
1960 []
1961 []
1982 []
1983 []
1991 []
1996 [1]
2001 [1, 2]
2032 [2, 0, 1]
2106 [0, 2]
2133 []
2193 []
2197 []
2226 []
2248 [1, 0]
2354 [1, 0]
2372 []
2423 [2]
2467 []
2573 []
2576 []
2608 []
2626 []
2651 [0]
2729 []
2784 []
2804 []
2861 []
2966 [0, 1]
3044 [2]
3088 []
3118 []
3136 []
3145 [1]
3281 []
3382 [0]
3389 [2]
3428 [1, 2, 0]
3603 [1]
3609 []
3735 []
3752 []
3759 [0]
3779 []
3784 []
3825 []
3830 [0]
3845 []
3853 [1]
3857 [1]
3858 [1]
3870 [1, 2]
3889 []
3890 []
3896 [0]
3898 [0]
3928 []
3932 []
4030 []
4055 [0, 1, 2]
4102 []
4176 [0]
4244 []
4271 [2]
4281 []
4283 []
4298 [0]
4303 [1, 2]
4327 []
4331 []
4458 []
4490 []
4604 []
4606 []
4646 [0, 1]
4706 [1]
4711 []
4747 []
4763 []
4920 [1, 2, 0]
4932 []
4972 []
4985 []
4992 []
5008 []
5087 []
5117 [0, 1, 2]
5134 [0, 1, 2]
5210 [1]
5221 []
5279 []
5289 []
5306 []
5310 [0]
5377 [1]
5409 []
5474 []
5486 [0]
5506 []
5511 []
5518 [0]
5534 []
5744 [0]

 ONE_HIT: 0.34265734265734266