5 []
15 []
17 [2]
18 []
25 []
35 []
60 [1, 2]
64 []
67 [0]
89 []
103 []
105 []
124 [1, 2, 0]
130 []
176 [0]
195 []
302 []
376 []
382 [2]
414 []
437 []
443 [2]
448 []
483 []
488 []
511 []
571 []
689 []
702 []
713 [0]
847 []
912 []
916 []
935 [1, 2]
1002 [0]
1190 [1, 2]
1225 []
1335 []
1352 []
1485 []
1551 []
1711 [2, 0]
1922 []
1929 [0, 2]
1931 []
1949 []
1953 []
1954 []
1955 []
1956 []
1959 []
1960 []
1961 []
1982 []
1983 []
1991 []
1996 [1]
2001 [1, 2]
2032 [2, 0, 1]
2106 [0, 2]
2129 []
2133 []
2193 []
2197 []
2226 []
2243 []
2248 [1, 0]
2305 []
2324 []
2354 [1, 0]
2372 []
2373 []
2388 []
2423 [2]
2467 []
2573 []
2576 []
2608 []
2626 []
2651 [0]
2729 []
2739 []
2784 []
2804 []
2861 []
2888 []
2906 []
2959 []
2966 [0, 1]
3044 [2]
3088 []
3118 []
3136 []
3145 [1]
3227 []
3281 []
3382 [0]
3389 [2]
3392 []
3428 [1, 2, 0]
3478 []
3501 []
3603 [1]
3609 []
3723 [0]
3735 []
3752 []
3759 [0]
3778 []
3779 []
3784 []
3825 []
3830 [0]
3845 []
3853 [1]
3857 [1]
3858 [1]
3870 [1, 2]
3889 []
3890 []
3893 []
3895 [1, 0]
3896 [0]
3898 [0]
3928 []
3932 []
3936 []
3974 [0, 1]
3994 []
4011 [0]
4030 []
4050 []
4055 [0, 1, 2]
4101 []
4102 []
4149 [0]
4176 [0]
4179 []
4244 []
4271 [2]
4281 []
4283 []
4298 [0]
4303 [1, 2]
4323 []
4327 []
4331 []
4398 []
4458 []
4463 []
4490 []
4604 []
4606 []
4611 []
4646 [0, 1]
4706 [1]
4711 []
4739 []
4747 []
4763 []
4920 [1, 2, 0]
4932 []
4972 []
4985 []
4992 []
5001 [1]
5008 []
5023 []
5060 []
5072 []
5087 []
5095 [0, 2]
5117 [0, 1, 2]
5134 [0, 1, 2]
5135 [0]
5210 [1]
5221 []
5279 []
5289 []
5306 []
5310 [0]
5363 []
5377 [1]
5379 []
5409 []
5474 []
5486 [0]
5506 []
5511 []
5518 [0]
5519 [0]
5520 []
5534 []
5537 []
5634 []
5686 []
5744 [0]
5794 [0]

 ONE_HIT: 0.31313131313131315