5 []
9 []
15 []
17 [2, 4]
18 []
25 [3]
35 []
54 []
60 [1, 2, 4]
62 []
64 []
67 [0]
89 []
103 [3]
105 []
124 [1, 2, 0, 4]
130 [3]
176 [0]
206 []
254 []
302 []
382 [2]
414 []
437 []
443 [2]
448 []
483 []
488 []
511 []
562 []
571 []
686 []
689 []
695 [0]
702 []
847 []
912 []
935 [3, 1, 2, 4]
1002 [0]
1190 [1, 2, 3]
1225 []
1307 []
1317 []
1335 []
1352 []
1485 []
1551 []
1659 []
1681 []
1711 [2, 4, 0]
1826 []
1922 []
1931 []
1949 []
1953 []
1954 []
1955 []
1956 []
1959 []
1960 []
1961 []
1981 []
1982 []
1983 []
1991 []
1995 []
1996 [1]
2001 [1, 2]
2032 [2, 0, 1]
2040 []
2106 [0, 2, 4, 3]
2129 []
2133 []
2187 []
2193 []
2197 []
2226 [3]
2243 []
2248 [1, 0]
2324 []
2354 [1, 0]
2372 []
2373 []
2388 []
2423 [2]
2467 []
2573 []
2576 []
2608 [4]
2626 []
2640 []
2651 [0]
2729 []
2739 []
2742 []
2784 [4]
2804 []
2813 []
2861 []
2888 []
2906 []
2966 [0, 1]
3044 [2]
3088 []
3097 [0]
3118 []
3136 []
3145 [1]
3164 []
3170 []
3281 []
3382 [0]
3389 [4, 2]
3392 []
3427 [0]
3428 [1, 2, 4, 3, 0]
3501 []
3603 [3, 1]
3609 [3]
3613 []
3663 []
3724 []
3735 []
3752 []
3759 [0]
3778 []
3779 []
3784 []
3787 []
3825 []
3830 [0, 4]
3842 [2]
3845 []
3853 [1]
3857 [4, 1]
3858 [1]
3870 [1, 2]
3889 []
3890 []
3896 [0]
3898 [0]
3928 []
3932 [3]
3994 []
4017 []
4030 []
4055 [0, 3, 1, 2, 4]
4070 []
4102 []
4141 []
4144 []
4147 []
4156 []
4157 []
4169 []
4176 [0]
4179 []
4244 []
4271 [2]
4281 []
4283 []
4298 [0]
4303 [3, 1, 2]
4327 []
4331 []
4458 []
4490 []
4599 []
4604 []
4606 []
4611 []
4646 [0, 1, 3]
4706 [1]
4711 []
4739 []
4747 []
4763 []
4799 [0]
4883 []
4920 [1, 2, 0, 4, 3]
4932 []
4972 []
4985 []
4992 []
5001 [1]
5008 []
5060 []
5072 []
5084 []
5087 []
5099 []
5100 []
5117 [0, 4, 1, 3, 2]
5134 [0, 1, 3, 2]
5154 []
5210 [1]
5221 []
5222 []
5250 []
5279 []
5289 []
5306 []
5310 [0]
5331 []
5377 [3, 4, 1]
5379 []
5409 []
5474 []
5476 []
5486 [0]
5506 []
5511 []
5518 [4, 0]
5534 [3]
5537 []
5549 []
5614 [0]
5744 [0]

 ONE_HIT: 0.30275229357798167