5 []
9 [5]
15 []
17 [2, 6, 4]
18 []
25 [8, 3]
35 []
54 []
60 [5, 1, 2, 4]
62 []
64 [9]
67 [0]
89 []
103 [5, 3, 8]
105 []
124 [1, 2, 0, 5, 4, 6, 8, 7]
130 [5, 3, 7]
176 [0]
195 []
206 []
254 [6]
302 []
376 []
377 []
382 [9, 2]
414 []
437 [6]
443 [2]
448 []
483 []
488 []
511 []
562 []
571 []
595 []
604 []
605 []
623 []
655 []
676 []
686 []
689 []
690 []
695 [0]
702 []
713 [0, 7]
749 []
783 [8]
786 [8]
791 [6, 0, 7]
843 []
847 []
912 []
916 []
918 [0]
919 []
935 [3, 1, 2, 5, 7, 6, 4, 8]
1002 [0]
1134 [8]
1190 [1, 2, 3, 6]
1225 []
1230 []
1284 []
1307 []
1317 []
1331 [0, 7, 9]
1335 []
1352 [5]
1485 []
1551 []
1659 []
1681 []
1711 [2, 8, 4, 0]
1725 []
1733 []
1736 []
1826 []
1913 []
1922 [8]
1929 [0, 2, 8, 7]
1931 []
1949 []
1953 []
1954 []
1955 []
1956 []
1959 []
1960 []
1961 []
1963 [2]
1981 []
1982 []
1983 []
1991 []
1995 []
1996 [8, 6, 1]
2001 [1, 2, 5]
2004 [2]
2032 [6, 2, 0, 1]
2040 []
2106 [0, 2, 4, 5, 7, 9, 3, 6]
2129 []
2133 []
2145 [7]
2187 []
2193 []
2197 []
2215 [7]
2216 []
2226 [3]
2243 []
2248 [1, 0, 6]
2305 []
2324 []
2354 [8, 1, 5, 0, 7, 6]
2357 [6, 4]
2372 []
2373 []
2388 []
2423 [2, 8]
2424 []
2467 []
2538 [5]
2573 []
2576 []
2608 [4]
2619 []
2626 []
2640 []
2651 [0]
2674 [0, 7]
2720 []
2729 []
2739 []
2742 []
2784 [4, 5]
2804 []
2805 [0]
2813 []
2818 []
2832 [1, 4]
2834 []
2857 []
2861 []
2888 []
2906 []
2957 []
2959 []
2966 [0, 1]
3006 []
3007 [0]
3044 [2]
3088 [5]
3096 [0]
3097 [0]
3099 []
3118 []
3123 []
3136 [6]
3145 [1]
3162 [0]
3164 []
3170 []
3185 []
3227 [5, 7]
3280 [0]
3281 []
3302 []
3378 [0]
3382 [0, 8, 9]
3389 [4, 2]
3392 []
3415 [1]
3427 [0]
3428 [1, 2, 6, 4, 7, 3, 0, 9, 5]
3433 []
3452 []
3478 []
3501 []
3603 [3, 1]
3604 []
3609 [3, 6]
3610 []
3613 []
3627 [8]
3663 []
3710 [0, 6]
3717 [0]
3723 [0, 6]
3724 []
3735 []
3736 []
3738 [0]
3751 [0, 7, 9]
3752 []
3754 [5, 2, 3]
3759 [0]
3764 []
3767 []
3774 [0]
3778 []
3779 []
3784 []
3787 []
3802 []
3809 [0]
3820 []
3825 []
3830 [0, 4]
3832 [1]
3833 [1, 8]
3839 [9]
3842 [2]
3845 [6]
3853 [1]
3857 [4, 7, 1, 6, 9]
3858 [6, 8, 1]
3860 [7, 1]
3870 [1, 2, 5]
3881 [0]
3889 []
3890 []
3893 []
3895 [1, 7, 0, 5]
3896 [0, 7]
3898 [0]
3924 []
3928 [5]
3932 [6, 5, 8, 3]
3936 []
3954 [8, 7, 1, 2, 5]
3964 [2, 1, 8, 7]
3967 []
3974 [0, 1, 8, 3]
3994 []
4004 []
4006 []
4011 [0]
4017 []
4018 [8]
4030 []
4037 [0, 7]
4038 []
4044 [0, 7]
4046 []
4049 []
4050 []
4053 []
4055 [0, 3, 1, 2, 4, 5, 6, 7, 9, 8]
4058 []
4061 [6, 4]
4063 [0, 7]
4070 []
4079 []
4094 [3]
4101 []
4102 []
4141 []
4144 []
4147 []
4149 [0, 8, 4]
4153 []
4154 []
4156 []
4157 []
4159 [0, 6, 9, 2, 1, 8, 4, 7]
4169 []
4172 []
4176 [0]
4179 []
4197 []
4224 [0, 1]
4244 []
4260 []
4271 [2]
4280 []
4281 []
4283 []
4295 [0]
4298 [0, 6, 5]
4303 [8, 7, 3, 1, 2, 5]
4323 []
4327 []
4331 []
4338 []
4352 []
4374 [4, 7, 5, 1]
4398 []
4415 []
4436 []
4458 [9]
4463 []
4467 []
4469 [2]
4478 []
4483 []
4490 []
4497 []
4510 []
4512 []
4520 [3]
4521 [3]
4568 []
4571 [0, 9]
4594 [8]
4599 []
4604 []
4606 []
4607 []
4611 []
4629 []
4646 [0, 1, 3, 8, 9, 5]
4658 []
4668 []
4681 []
4706 [1]
4711 []
4725 []
4739 []
4747 [9]
4757 []
4759 []
4763 []
4765 []
4767 []
4769 []
4770 []
4773 []
4776 []
4795 []
4798 [7, 1, 2, 8, 9]
4799 [0]
4811 []
4818 []
4883 []
4897 []
4905 []
4920 [9, 8, 7, 1, 2, 0, 4, 3, 6]
4927 []
4931 [7]
4932 [9]
4944 [0, 9, 6, 4]
4969 []
4970 []
4972 []
4985 []
4991 [5]
4992 []
4999 []
5001 [1]
5008 []
5009 [0, 7]
5013 []
5014 []
5015 [0, 7]
5017 []
5023 []
5024 []
5056 []
5060 []
5062 []
5070 []
5072 []
5084 []
5087 []
5095 [7, 0, 2, 9]
5097 [0, 7, 2, 9]
5099 []
5100 []
5117 [0, 5, 6, 4, 1, 3, 2, 8]
5134 [0, 9, 1, 3, 5, 2]
5135 [0, 5, 6]
5139 [4]
5144 []
5154 [5]
5165 [2]
5171 []
5191 []
5194 []
5210 [5, 1]
5211 []
5221 []
5222 []
5234 [4, 7, 8, 3, 5, 0]
5250 []
5279 []
5280 []
5288 []
5289 []
5296 [0]
5306 []
5310 [0]
5331 []
5349 [0]
5363 []
5364 [0]
5377 [7, 3, 4, 1]
5379 []
5409 []
5415 [6]
5444 []
5457 []
5474 []
5476 []
5486 [0]
5492 []
5500 [0]
5506 []
5510 []
5511 []
5518 [4, 0, 6, 8]
5519 [0]
5520 []
5521 []
5534 [3]
5535 []
5537 []
5549 []
5564 [3, 7, 2, 0, 9, 8]
5588 []
5604 []
5614 [6, 0]
5633 []
5634 []
5645 []
5651 []
5652 []
5653 []
5686 []
5689 [0, 7]
5697 []
5727 []
5731 []
5737 []
5738 []
5744 [0]
5751 []
5761 []
5773 [1, 0]
5794 [5, 0, 6, 7, 9]
5889 [5]
5905 []

 ONE_HIT: 0.3665158371040724