5 []
9 []
15 []
17 [2]
18 []
25 []
35 []
54 []
60 [1, 2]
62 []
64 []
67 [0]
89 []
103 []
105 []
124 [1, 2, 0]
130 []
176 [0]
195 []
206 []
254 []
302 []
376 []
377 []
382 [2]
414 []
437 []
443 [2]
448 []
483 []
488 []
511 []
562 []
571 []
595 []
604 []
605 []
623 []
655 []
676 []
686 []
689 []
695 [0]
702 []
713 [0]
786 []
843 []
847 []
912 []
916 []
919 []
935 [1, 2]
1002 [0]
1134 []
1190 [1, 2]
1225 []
1230 []
1307 []
1317 []
1335 []
1352 []
1485 []
1551 []
1659 []
1681 []
1711 [2, 0]
1733 []
1736 []
1826 []
1922 []
1929 [0, 2]
1931 []
1949 []
1953 []
1954 []
1955 []
1956 []
1959 []
1960 []
1961 []
1963 [2]
1981 []
1982 []
1983 []
1991 []
1995 []
1996 [1]
2001 [1, 2]
2004 [2]
2032 [2, 0, 1]
2040 []
2106 [0, 2]
2129 []
2133 []
2145 []
2187 []
2193 []
2197 []
2215 []
2226 []
2243 []
2248 [1, 0]
2305 []
2324 []
2354 [1, 0]
2357 []
2372 []
2373 []
2388 []
2423 [2]
2424 []
2467 []
2538 []
2573 []
2576 []
2608 []
2626 []
2640 []
2651 [0]
2674 [0]
2729 []
2739 []
2742 []
2784 []
2804 []
2805 [0]
2813 []
2818 []
2832 [1]
2861 []
2888 []
2906 []
2957 []
2959 []
2966 [0, 1]
3007 [0]
3044 [2]
3088 []
3096 [0]
3097 [0]
3118 []
3123 []
3136 []
3145 [1]
3162 [0]
3164 []
3170 []
3185 []
3227 []
3280 [0]
3281 []
3378 [0]
3382 [0]
3389 [2]
3392 []
3415 [1]
3427 [0]
3428 [1, 2, 0]
3433 []
3452 []
3478 []
3501 []
3603 [1]
3609 []
3613 []
3663 []
3710 [0]
3717 [0]
3723 [0]
3724 []
3735 []
3752 []
3754 [2]
3759 [0]
3778 []
3779 []
3784 []
3787 []
3802 []
3820 []
3825 []
3830 [0]
3832 [1]
3839 []
3842 [2]
3845 []
3853 [1]
3857 [1]
3858 [1]
3860 [1]
3870 [1, 2]
3881 [0]
3889 []
3890 []
3893 []
3895 [1, 0]
3896 [0]
3898 [0]
3928 []
3932 []
3936 []
3954 [1, 2]
3964 [2, 1]
3967 []
3974 [0, 1]
3994 []
4004 []
4006 []
4011 [0]
4017 []
4030 []
4037 [0]
4049 []
4050 []
4053 []
4055 [0, 1, 2]
4070 []
4079 []
4094 []
4101 []
4102 []
4141 []
4144 []
4147 []
4149 [0]
4153 []
4154 []
4156 []
4157 []
4169 []
4172 []
4176 [0]
4179 []
4244 []
4260 []
4271 [2]
4280 []
4281 []
4283 []
4298 [0]
4303 [1, 2]
4323 []
4327 []
4331 []
4398 []
4415 []
4436 []
4458 []
4463 []
4478 []
4483 []
4490 []
4497 []
4510 []
4512 []
4520 []
4521 []
4568 []
4594 []
4599 []
4604 []
4606 []
4611 []
4646 [0, 1]
4706 [1]
4711 []
4739 []
4747 []
4757 []
4759 []
4763 []
4765 []
4767 []
4770 []
4776 []
4798 [1, 2]
4799 [0]
4818 []
4883 []
4905 []
4920 [1, 2, 0]
4931 []
4932 []
4969 []
4972 []
4985 []
4991 []
4992 []
5001 [1]
5008 []
5009 [0]
5013 []
5015 [0]
5017 []
5023 []
5056 []
5060 []
5062 []
5070 []
5072 []
5084 []
5087 []
5095 [0, 2]
5099 []
5100 []
5117 [0, 1, 2]
5134 [0, 1, 2]
5135 [0]
5139 []
5154 []
5165 [2]
5171 []
5191 []
5210 [1]
5211 []
5221 []
5222 []
5234 [0]
5250 []
5279 []
5280 []
5288 []
5289 []
5296 [0]
5306 []
5310 [0]
5331 []
5363 []
5377 [1]
5379 []
5409 []
5444 []
5474 []
5476 []
5486 [0]
5506 []
5511 []
5518 [0]
5519 [0]
5520 []
5534 []
5535 []
5537 []
5549 []
5588 []
5614 [0]
5634 []
5645 []
5651 []
5652 []
5686 []
5737 []
5744 [0]
5751 []
5773 [1, 0]
5794 [0]
5889 []

 ONE_HIT: 0.2661064425770308