5 []
15 []
17 [2]
35 []
60 [1, 2]
64 []
89 []
103 []
105 []
124 [1, 2, 2, 0]
130 []
382 [2]
414 []
437 []
443 [2, 2]
571 []
689 []
702 []
912 []
935 [1, 2]
1002 [0]
1190 [1, 2]
1352 []
1485 []
1711 [2, 0]
1931 []
1949 []
1953 []
1954 []
1955 []
1956 []
1959 []
1960 []
1961 []
1982 []
1983 []
1991 []
2001 [1, 2, 2]
2032 [2, 0, 1, 1]
2106 [0, 2]
2193 []
2226 []
2248 [1, 0, 0]
2354 [1, 0]
2372 []
2423 [2]
2467 []
2608 []
2626 []
2651 [0]
2784 []
2861 []
2966 [0, 0, 1]
3044 [2]
3088 []
3118 []
3136 []
3281 []
3382 [0]
3389 [2, 2]
3428 [1, 2, 0]
3603 [1, 1]
3735 []
3752 []
3759 [0]
3779 []
3784 []
3857 [1, 1]
3858 [1]
3870 [1, 2]
3889 []
3890 []
3896 [0, 0]
3898 [0, 0, 0]
3928 []
3932 []
4055 [0, 1, 2]
4176 [0, 0]
4244 []
4281 []
4283 []
4298 [0, 0]
4303 [1, 2]
4327 []
4331 []
4490 []
4604 []
4606 []
4646 [0, 1]
4747 []
4920 [1, 2, 0, 0]
4932 []
4972 []
4992 []
5008 []
5087 []
5117 [0, 0, 1, 2]
5134 [0, 1, 2]
5210 [1]
5279 []
5289 []
5377 [1]
5409 []
5486 [0]
5506 []
5511 []
5518 [0, 0]
5534 []

 ONE_HIT: 0.37037037037037035