5 []
15 []
17 [2, 4, 4]
18 [0]
35 []
60 [1, 2, 4]
64 []
89 []
103 [3]
105 []
124 [1, 2, 2, 0, 4]
130 [3]
382 [2]
414 []
437 []
443 [2, 2]
571 []
689 []
702 []
912 []
935 [3, 1, 2, 4]
1002 [0]
1190 [1, 2, 3, 3]
1352 []
1485 []
1711 [2, 4, 0]
1931 []
1949 []
1953 []
1954 []
1955 []
1956 []
1959 []
1960 []
1961 []
1982 []
1983 []
1991 []
2001 [1, 2, 2]
2032 [2, 0, 1, 1]
2106 [0, 2, 4, 3]
2193 []
2226 [3, 3]
2248 [1, 0, 0]
2354 [1, 0]
2372 []
2423 [2]
2467 []
2608 [4]
2626 []
2651 [0]
2784 [4]
2861 []
2966 [0, 0, 1]
3044 [2]
3088 []
3118 []
3136 []
3145 [1]
3281 []
3382 [0]
3389 [4, 2, 2]
3428 [1, 2, 4, 3, 0]
3603 [3, 1, 1]
3735 []
3752 []
3759 [0]
3779 []
3784 []
3825 []
3845 []
3857 [4, 1, 1]
3858 [1]
3870 [1, 2]
3889 []
3890 []
3896 [0, 0]
3898 [0, 0, 0]
3928 []
3932 [3]
4030 []
4055 [0, 3, 1, 2, 4]
4102 []
4176 [0, 0]
4244 []
4281 []
4283 []
4298 [0, 0]
4303 [3, 3, 1, 2]
4327 []
4331 []
4458 [3]
4490 []
4604 []
4606 []
4646 [0, 1, 3]
4747 []
4920 [1, 2, 0, 0, 4, 4, 4, 3]
4932 []
4972 []
4985 []
4992 []
5008 []
5087 []
5117 [0, 0, 4, 1, 3, 2]
5134 [0, 1, 3, 2]
5210 [1]
5279 []
5289 []
5306 []
5377 [3, 4, 1]
5409 []
5486 [0]
5506 []
5511 []
5518 [4, 0, 0]
5534 [3]

 ONE_HIT: 0.42735042735042733