5 []
15 []
17 [2, 6, 4]
18 []
35 []
60 [5, 1, 2, 4]
64 [9]
89 []
103 [5, 3, 8]
105 []
124 [1, 2, 0, 5, 4, 6, 8, 7]
130 [5, 3, 7]
376 []
382 [9, 2]
414 []
437 [6]
443 [2]
571 []
689 []
702 []
749 []
791 [6, 0, 7]
912 []
916 []
935 [3, 1, 2, 5, 7, 6, 4, 8]
1002 [0]
1190 [1, 2, 3, 6]
1331 [0, 7, 9]
1352 [5]
1485 []
1711 [2, 8, 4, 0]
1752 [0, 7]
1929 [0, 2, 8, 7]
1931 []
1949 []
1953 []
1954 []
1955 []
1956 []
1959 []
1960 []
1961 []
1982 []
1983 []
1991 []
2001 [1, 2, 5]
2032 [6, 2, 0, 1]
2106 [0, 2, 4, 5, 7, 9, 3, 6]
2193 []
2215 [7]
2226 [3]
2248 [1, 0, 6]
2338 []
2354 [8, 1, 5, 0, 7, 6]
2372 []
2423 [2, 8]
2467 []
2608 [4]
2626 []
2651 [0]
2674 [0, 7]
2784 [4, 5]
2832 [1, 4]
2851 [0]
2857 []
2861 []
2883 [3, 9, 1, 2, 4, 7]
2897 [1, 2, 4, 9, 3]
2912 [0]
2916 [0]
2921 [0]
2966 [0, 1]
3044 [2]
3088 [5]
3118 []
3136 [6]
3145 [1]
3180 [3, 8]
3227 [5, 7]
3263 [6, 8]
3281 []
3382 [0, 8, 9]
3389 [4, 2]
3428 [1, 2, 6, 4, 7, 3, 0, 9, 5]
3452 []
3603 [3, 1]
3710 [0, 6]
3717 [0]
3723 [0, 6]
3735 []
3751 [0, 7, 9]
3752 []
3754 [5, 2, 3]
3759 [0]
3779 []
3784 []
3801 [0]
3825 []
3837 []
3839 [9]
3845 [6]
3857 [4, 7, 1, 6, 9]
3858 [6, 8, 1]
3870 [1, 2, 5]
3889 []
3890 []
3895 [1, 7, 0, 5]
3896 [0, 7]
3898 [0]
3928 [5]
3932 [6, 5, 8, 3]
3954 [8, 7, 1, 2, 5]
3964 [2, 1, 8, 7]
3974 [0, 1, 8, 3]
4004 []
4011 [0]
4030 []
4037 [0, 7]
4044 [0, 7]
4050 []
4055 [0, 3, 1, 2, 4, 5, 6, 7, 9, 8]
4061 [6, 4]
4063 [0, 7]
4094 [3]
4102 []
4127 [0, 7]
4159 [0, 6, 9, 2, 1, 8, 4, 7]
4176 [0]
4224 [0, 1]
4244 []
4255 [0, 7]
4260 []
4281 []
4283 []
4298 [0, 6, 5]
4299 [4, 0, 5, 1, 6, 2, 8, 3, 9]
4303 [8, 7, 3, 1, 2, 5]
4327 []
4331 []
4372 [6, 2]
4374 [4, 7, 5, 1]
4375 [5, 8, 9, 6]
4378 [6, 9, 2, 8, 0, 7]
4380 [6, 9, 2, 8]
4458 [9]
4469 [2]
4472 [2]
4475 []
4490 []
4524 [6, 8]
4568 []
4570 []
4571 [0, 9]
4604 []
4606 []
4607 []
4646 [0, 1, 3, 8, 9, 5]
4747 [9]
4791 []
4798 [7, 1, 2, 8, 9]
4897 []
4920 [9, 8, 7, 1, 2, 0, 4, 3, 6]
4927 []
4931 [7]
4932 [9]
4944 [0, 9, 6, 4]
4972 []
4985 []
4991 [5]
4992 []
5008 []
5009 [0, 7]
5015 [0, 7]
5023 []
5087 []
5095 [7, 0, 2, 9]
5097 [0, 7, 2, 9]
5117 [0, 5, 6, 4, 1, 3, 2, 8]
5134 [0, 9, 1, 3, 5, 2]
5135 [0, 5, 6]
5139 [4]
5191 []
5210 [5, 1]
5234 [4, 7, 8, 3, 5, 0]
5279 []
5289 []
5306 []
5363 []
5377 [7, 3, 4, 1]
5409 []
5413 [3, 1, 0]
5486 [0]
5506 []
5508 []
5509 []
5511 []
5518 [4, 0, 6, 8]
5525 [0, 8, 2, 1]
5534 [3]
5547 [7]
5555 [9]
5556 []
5564 [3, 7, 2, 0, 9, 8]
5565 [7, 2, 0]
5588 []
5597 []
5634 []
5642 [9]
5651 []
5689 [0, 7]
5709 []
5724 [0]
5771 [0]
5782 [0, 9]
5794 [5, 0, 6, 7, 9]
5863 [0, 2]
5898 []

 ONE_HIT: 0.5944700460829493